S H D C Bid Vul Combo OtherCombo HandPattern NO -6 -5 -4 -3 -2 -1 0 1 2 3 4 5 6 7 avg ParPos ParNeg noPar b000 b001 b010 b011 b100 b101 b110 b111 b1xx bx1x bxx1  Cnt
(QJ9643) 9853 J8 K S EW QJ9643 9853-J8-K 6-4-2-1 50 0 0 0 0 0 0 0 50 0 0 0 0 0 0 1 0 0 100 50 0 0 0 50 0 0 0 50 0 0  2
(QJ9643) 9853 J8 K S -- QJ9643 9853-J8-K 6-4-2-1 50 0 0 0 0 0 0 50 0 0 0 0 0 0 0 0 0 0 100 50 0 0 0 50 0 0 0 50 0 0  2
(QJ9643) 9853 J8 K S ++ QJ9643 9853-J8-K 6-4-2-1 50 0 0 0 0 0 0 50 0 0 0 0 0 0 0 0 0 0 100 50 0 0 0 50 0 0 0 50 0 0  2
(QJ9643) 9853 J8 K S NS QJ9643 9853-J8-K 6-4-2-1 50 0 0 0 0 0 50 0 0 0 0 0 0 0 0 -1 0 0 100 50 0 0 0 50 0 0 0 50 0 0  2
(QJ9643) 9853 K J8 S EW QJ9643 9853-J8-K 6-4-2-1 50 0 0 0 0 0 0 0 50 0 0 0 0 0 0 1 0 0 100 50 0 0 0 50 0 0 0 50 0 0  2
(QJ9643) 9853 K J8 S -- QJ9643 9853-J8-K 6-4-2-1 50 0 0 0 0 0 0 50 0 0 0 0 0 0 0 0 0 0 100 50 0 0 0 50 0 0 0 50 0 0  2
(QJ9643) 9853 K J8 S ++ QJ9643 9853-J8-K 6-4-2-1 50 0 0 0 0 0 0 50 0 0 0 0 0 0 0 0 0 0 100 50 0 0 0 50 0 0 0 50 0 0  2
(QJ9643) 9853 K J8 S NS QJ9643 9853-J8-K 6-4-2-1 50 0 0 0 0 0 50 0 0 0 0 0 0 0 0 -1 0 0 100 50 0 0 0 50 0 0 0 50 0 0  2
(QJ9643) J8 9853 K S EW QJ9643 9853-J8-K 6-4-2-1 50 0 0 0 0 0 0 0 50 0 0 0 0 0 0 1 0 0 100 50 0 0 0 50 0 0 0 50 0 0  2
(QJ9643) J8 9853 K S -- QJ9643 9853-J8-K 6-4-2-1 50 0 0 0 0 0 0 50 0 0 0 0 0 0 0 0 0 0 100 50 0 0 0 50 0 0 0 50 0 0  2
(QJ9643) J8 9853 K S ++ QJ9643 9853-J8-K 6-4-2-1 50 0 0 0 0 0 0 50 0 0 0 0 0 0 0 0 0 0 100 50 0 0 0 50 0 0 0 50 0 0  2
(QJ9643) J8 9853 K S NS QJ9643 9853-J8-K 6-4-2-1 50 0 0 0 0 0 50 0 0 0 0 0 0 0 0 -1 0 0 100 50 0 0 0 50 0 0 0 50 0 0  2
(QJ9643) K 9853 J8 S EW QJ9643 9853-J8-K 6-4-2-1 50 0 0 0 0 0 0 0 50 0 0 0 0 0 0 1 0 0 100 50 0 0 0 50 0 0 0 50 0 0  2
(QJ9643) K 9853 J8 S -- QJ9643 9853-J8-K 6-4-2-1 50 0 0 0 0 0 0 50 0 0 0 0 0 0 0 0 0 0 100 50 0 0 0 50 0 0 0 50 0 0  2
(QJ9643) K 9853 J8 S ++ QJ9643 9853-J8-K 6-4-2-1 50 0 0 0 0 0 0 50 0 0 0 0 0 0 0 0 0 0 100 50 0 0 0 50 0 0 0 50 0 0  2
(QJ9643) K 9853 J8 S NS QJ9643 9853-J8-K 6-4-2-1 50 0 0 0 0 0 50 0 0 0 0 0 0 0 0 -1 0 0 100 50 0 0 0 50 0 0 0 50 0 0  2
(QJ9643) J8 K 9853 S EW QJ9643 9853-J8-K 6-4-2-1 50 0 0 0 0 0 0 0 50 0 0 0 0 0 0 1 0 0 100 50 0 0 0 50 0 0 0 50 0 0  2
(QJ9643) J8 K 9853 S -- QJ9643 9853-J8-K 6-4-2-1 50 0 0 0 0 0 0 50 0 0 0 0 0 0 0 0 0 0 100 50 0 0 0 50 0 0 0 50 0 0  2
(QJ9643) J8 K 9853 S ++ QJ9643 9853-J8-K 6-4-2-1 50 0 0 0 0 0 0 50 0 0 0 0 0 0 0 0 0 0 100 50 0 0 0 50 0 0 0 50 0 0  2
(QJ9643) J8 K 9853 S NS QJ9643 9853-J8-K 6-4-2-1 50 0 0 0 0 0 50 0 0 0 0 0 0 0 0 -1 0 0 100 50 0 0 0 50 0 0 0 50 0 0  2
(QJ9643) K J8 9853 S EW QJ9643 9853-J8-K 6-4-2-1 50 0 0 0 0 0 0 0 50 0 0 0 0 0 0 1 0 0 100 50 0 0 0 50 0 0 0 50 0 0  2
(QJ9643) K J8 9853 S -- QJ9643 9853-J8-K 6-4-2-1 50 0 0 0 0 0 0 50 0 0 0 0 0 0 0 0 0 0 100 50 0 0 0 50 0 0 0 50 0 0  2
(QJ9643) K J8 9853 S ++ QJ9643 9853-J8-K 6-4-2-1 50 0 0 0 0 0 0 50 0 0 0 0 0 0 0 0 0 0 100 50 0 0 0 50 0 0 0 50 0 0  2
(QJ9643) K J8 9853 S NS QJ9643 9853-J8-K 6-4-2-1 50 0 0 0 0 0 50 0 0 0 0 0 0 0 0 -1 0 0 100 50 0 0 0 50 0 0 0 50 0 0  2
9853 (QJ9643) J8 K H EW QJ9643 9853-J8-K 6-4-2-1 50 0 0 0 0 0 0 0 50 0 0 0 0 0 0 1 0 0 100 50 0 0 0 50 0 0 0 50 0 0  2
9853 (QJ9643) J8 K H -- QJ9643 9853-J8-K 6-4-2-1 50 0 0 0 0 0 0 50 0 0 0 0 0 0 0 0 0 0 100 50 0 0 0 50 0 0 0 50 0 0  2
9853 (QJ9643) J8 K H ++ QJ9643 9853-J8-K 6-4-2-1 50 0 0 0 0 0 0 50 0 0 0 0 0 0 0 0 0 0 100 50 0 0 0 50 0 0 0 50 0 0  2
9853 (QJ9643) J8 K H NS QJ9643 9853-J8-K 6-4-2-1 50 0 0 0 0 0 50 0 0 0 0 0 0 0 0 -1 0 0 100 50 0 0 0 50 0 0 0 50 0 0  2
9853 (QJ9643) K J8 H EW QJ9643 9853-J8-K 6-4-2-1 50 0 0 0 0 0 0 0 50 0 0 0 0 0 0 1 0 0 100 50 0 0 0 50 0 0 0 50 0 0  2
9853 (QJ9643) K J8 H -- QJ9643 9853-J8-K 6-4-2-1 50 0 0 0 0 0 0 50 0 0 0 0 0 0 0 0 0 0 100 50 0 0 0 50 0 0 0 50 0 0  2
9853 (QJ9643) K J8 H ++ QJ9643 9853-J8-K 6-4-2-1 50 0 0 0 0 0 0 50 0 0 0 0 0 0 0 0 0 0 100 50 0 0 0 50 0 0 0 50 0 0  2
9853 (QJ9643) K J8 H NS QJ9643 9853-J8-K 6-4-2-1 50 0 0 0 0 0 50 0 0 0 0 0 0 0 0 -1 0 0 100 50 0 0 0 50 0 0 0 50 0 0  2
J8 (QJ9643) 9853 K H EW QJ9643 9853-J8-K 6-4-2-1 50 0 0 0 0 0 0 0 50 0 0 0 0 0 0 1 0 0 100 50 0 0 0 50 0 0 0 50 0 0  2
J8 (QJ9643) 9853 K H -- QJ9643 9853-J8-K 6-4-2-1 50 0 0 0 0 0 0 50 0 0 0 0 0 0 0 0 0 0 100 50 0 0 0 50 0 0 0 50 0 0  2
J8 (QJ9643) 9853 K H ++ QJ9643 9853-J8-K 6-4-2-1 50 0 0 0 0 0 0 50 0 0 0 0 0 0 0 0 0 0 100 50 0 0 0 50 0 0 0 50 0 0  2
J8 (QJ9643) 9853 K H NS QJ9643 9853-J8-K 6-4-2-1 50 0 0 0 0 0 50 0 0 0 0 0 0 0 0 -1 0 0 100 50 0 0 0 50 0 0 0 50 0 0  2
K (QJ9643) 9853 J8 H EW QJ9643 9853-J8-K 6-4-2-1 50 0 0 0 0 0 0 0 50 0 0 0 0 0 0 1 0 0 100 50 0 0 0 50 0 0 0 50 0 0  2
K (QJ9643) 9853 J8 H -- QJ9643 9853-J8-K 6-4-2-1 50 0 0 0 0 0 0 50 0 0 0 0 0 0 0 0 0 0 100 50 0 0 0 50 0 0 0 50 0 0  2
K (QJ9643) 9853 J8 H ++ QJ9643 9853-J8-K 6-4-2-1 50 0 0 0 0 0 0 50 0 0 0 0 0 0 0 0 0 0 100 50 0 0 0 50 0 0 0 50 0 0  2
K (QJ9643) 9853 J8 H NS QJ9643 9853-J8-K 6-4-2-1 50 0 0 0 0 0 50 0 0 0 0 0 0 0 0 -1 0 0 100 50 0 0 0 50 0 0 0 50 0 0  2
J8 (QJ9643) K 9853 H EW QJ9643 9853-J8-K 6-4-2-1 50 0 0 0 0 0 0 0 50 0 0 0 0 0 0 1 0 0 100 50 0 0 0 50 0 0 0 50 0 0  2
J8 (QJ9643) K 9853 H -- QJ9643 9853-J8-K 6-4-2-1 50 0 0 0 0 0 0 50 0 0 0 0 0 0 0 0 0 0 100 50 0 0 0 50 0 0 0 50 0 0  2
J8 (QJ9643) K 9853 H ++ QJ9643 9853-J8-K 6-4-2-1 50 0 0 0 0 0 0 50 0 0 0 0 0 0 0 0 0 0 100 50 0 0 0 50 0 0 0 50 0 0  2
J8 (QJ9643) K 9853 H NS QJ9643 9853-J8-K 6-4-2-1 50 0 0 0 0 0 50 0 0 0 0 0 0 0 0 -1 0 0 100 50 0 0 0 50 0 0 0 50 0 0  2
K (QJ9643) J8 9853 H EW QJ9643 9853-J8-K 6-4-2-1 50 0 0 0 0 0 0 0 50 0 0 0 0 0 0 1 0 0 100 50 0 0 0 50 0 0 0 50 0 0  2
K (QJ9643) J8 9853 H -- QJ9643 9853-J8-K 6-4-2-1 50 0 0 0 0 0 0 50 0 0 0 0 0 0 0 0 0 0 100 50 0 0 0 50 0 0 0 50 0 0  2
K (QJ9643) J8 9853 H ++ QJ9643 9853-J8-K 6-4-2-1 50 0 0 0 0 0 0 50 0 0 0 0 0 0 0 0 0 0 100 50 0 0 0 50 0 0 0 50 0 0  2
K (QJ9643) J8 9853 H NS QJ9643 9853-J8-K 6-4-2-1 50 0 0 0 0 0 50 0 0 0 0 0 0 0 0 -1 0 0 100 50 0 0 0 50 0 0 0 50 0 0  2
9853 J8 (QJ9643) K D EW QJ9643 9853-J8-K 6-4-2-1 50 0 0 0 0 0 0 0 50 0 0 0 0 0 0 1 0 0 100 50 0 0 0 50 0 0 0 50 0 0  2
9853 J8 (QJ9643) K D -- QJ9643 9853-J8-K 6-4-2-1 50 0 0 0 0 0 0 50 0 0 0 0 0 0 0 0 0 0 100 50 0 0 0 50 0 0 0 50 0 0  2
9853 J8 (QJ9643) K D ++ QJ9643 9853-J8-K 6-4-2-1 50 0 0 0 0 0 0 50 0 0 0 0 0 0 0 0 0 0 100 50 0 0 0 50 0 0 0 50 0 0  2
9853 J8 (QJ9643) K D NS QJ9643 9853-J8-K 6-4-2-1 50 0 0 0 0 0 50 0 0 0 0 0 0 0 0 -1 0 0 100 50 0 0 0 50 0 0 0 50 0 0  2
9853 K (QJ9643) J8 D EW QJ9643 9853-J8-K 6-4-2-1 50 0 0 0 0 0 0 0 50 0 0 0 0 0 0 1 0 0 100 50 0 0 0 50 0 0 0 50 0 0  2
9853 K (QJ9643) J8 D -- QJ9643 9853-J8-K 6-4-2-1 50 0 0 0 0 0 0 50 0 0 0 0 0 0 0 0 0 0 100 50 0 0 0 50 0 0 0 50 0 0  2
9853 K (QJ9643) J8 D ++ QJ9643 9853-J8-K 6-4-2-1 50 0 0 0 0 0 0 50 0 0 0 0 0 0 0 0 0 0 100 50 0 0 0 50 0 0 0 50 0 0  2
9853 K (QJ9643) J8 D NS QJ9643 9853-J8-K 6-4-2-1 50 0 0 0 0 0 50 0 0 0 0 0 0 0 0 -1 0 0 100 50 0 0 0 50 0 0 0 50 0 0  2
J8 9853 (QJ9643) K D EW QJ9643 9853-J8-K 6-4-2-1 50 0 0 0 0 0 0 0 50 0 0 0 0 0 0 1 0 0 100 50 0 0 0 50 0 0 0 50 0 0  2
J8 9853 (QJ9643) K D -- QJ9643 9853-J8-K 6-4-2-1 50 0 0 0 0 0 0 50 0 0 0 0 0 0 0 0 0 0 100 50 0 0 0 50 0 0 0 50 0 0  2
J8 9853 (QJ9643) K D ++ QJ9643 9853-J8-K 6-4-2-1 50 0 0 0 0 0 0 50 0 0 0 0 0 0 0 0 0 0 100 50 0 0 0 50 0 0 0 50 0 0  2
J8 9853 (QJ9643) K D NS QJ9643 9853-J8-K 6-4-2-1 50 0 0 0 0 0 50 0 0 0 0 0 0 0 0 -1 0 0 100 50 0 0 0 50 0 0 0 50 0 0  2
K 9853 (QJ9643) J8 D EW QJ9643 9853-J8-K 6-4-2-1 50 0 0 0 0 0 0 0 50 0 0 0 0 0 0 1 0 0 100 50 0 0 0 50 0 0 0 50 0 0  2
K 9853 (QJ9643) J8 D -- QJ9643 9853-J8-K 6-4-2-1 50 0 0 0 0 0 0 50 0 0 0 0 0 0 0 0 0 0 100 50 0 0 0 50 0 0 0 50 0 0  2
K 9853 (QJ9643) J8 D ++ QJ9643 9853-J8-K 6-4-2-1 50 0 0 0 0 0 0 50 0 0 0 0 0 0 0 0 0 0 100 50 0 0 0 50 0 0 0 50 0 0  2
K 9853 (QJ9643) J8 D NS QJ9643 9853-J8-K 6-4-2-1 50 0 0 0 0 0 50 0 0 0 0 0 0 0 0 -1 0 0 100 50 0 0 0 50 0 0 0 50 0 0  2
J8 K (QJ9643) 9853 D EW QJ9643 9853-J8-K 6-4-2-1 50 0 0 0 0 0 0 0 50 0 0 0 0 0 0 1 0 0 100 50 0 0 0 50 0 0 0 50 0 0  2
J8 K (QJ9643) 9853 D -- QJ9643 9853-J8-K 6-4-2-1 50 0 0 0 0 0 0 50 0 0 0 0 0 0 0 0 0 0 100 50 0 0 0 50 0 0 0 50 0 0  2
J8 K (QJ9643) 9853 D ++ QJ9643 9853-J8-K 6-4-2-1 50 0 0 0 0 0 0 50 0 0 0 0 0 0 0 0 0 0 100 50 0 0 0 50 0 0 0 50 0 0  2
J8 K (QJ9643) 9853 D NS QJ9643 9853-J8-K 6-4-2-1 50 0 0 0 0 0 50 0 0 0 0 0 0 0 0 -1 0 0 100 50 0 0 0 50 0 0 0 50 0 0  2
K J8 (QJ9643) 9853 D EW QJ9643 9853-J8-K 6-4-2-1 50 0 0 0 0 0 0 0 50 0 0 0 0 0 0 1 0 0 100 50 0 0 0 50 0 0 0 50 0 0  2
K J8 (QJ9643) 9853 D -- QJ9643 9853-J8-K 6-4-2-1 50 0 0 0 0 0 0 50 0 0 0 0 0 0 0 0 0 0 100 50 0 0 0 50 0 0 0 50 0 0  2
K J8 (QJ9643) 9853 D ++ QJ9643 9853-J8-K 6-4-2-1 50 0 0 0 0 0 0 50 0 0 0 0 0 0 0 0 0 0 100 50 0 0 0 50 0 0 0 50 0 0  2
K J8 (QJ9643) 9853 D NS QJ9643 9853-J8-K 6-4-2-1 50 0 0 0 0 0 50 0 0 0 0 0 0 0 0 -1 0 0 100 50 0 0 0 50 0 0 0 50 0 0  2
9853 J8 K (QJ9643) C EW QJ9643 9853-J8-K 6-4-2-1 50 0 0 0 0 0 0 0 50 0 0 0 0 0 0 1 0 0 100 50 0 0 0 50 0 0 0 50 0 0  2
9853 J8 K (QJ9643) C -- QJ9643 9853-J8-K 6-4-2-1 50 0 0 0 0 0 0 50 0 0 0 0 0 0 0 0 0 0 100 50 0 0 0 50 0 0 0 50 0 0  2
9853 J8 K (QJ9643) C ++ QJ9643 9853-J8-K 6-4-2-1 50 0 0 0 0 0 0 50 0 0 0 0 0 0 0 0 0 0 100 50 0 0 0 50 0 0 0 50 0 0  2
9853 J8 K (QJ9643) C NS QJ9643 9853-J8-K 6-4-2-1 50 0 0 0 0 0 50 0 0 0 0 0 0 0 0 -1 0 0 100 50 0 0 0 50 0 0 0 50 0 0  2
9853 K J8 (QJ9643) C EW QJ9643 9853-J8-K 6-4-2-1 50 0 0 0 0 0 0 0 50 0 0 0 0 0 0 1 0 0 100 50 0 0 0 50 0 0 0 50 0 0  2
9853 K J8 (QJ9643) C -- QJ9643 9853-J8-K 6-4-2-1 50 0 0 0 0 0 0 50 0 0 0 0 0 0 0 0 0 0 100 50 0 0 0 50 0 0 0 50 0 0  2
9853 K J8 (QJ9643) C ++ QJ9643 9853-J8-K 6-4-2-1 50 0 0 0 0 0 0 50 0 0 0 0 0 0 0 0 0 0 100 50 0 0 0 50 0 0 0 50 0 0  2
9853 K J8 (QJ9643) C NS QJ9643 9853-J8-K 6-4-2-1 50 0 0 0 0 0 50 0 0 0 0 0 0 0 0 -1 0 0 100 50 0 0 0 50 0 0 0 50 0 0  2
J8 9853 K (QJ9643) C EW QJ9643 9853-J8-K 6-4-2-1 50 0 0 0 0 0 0 0 50 0 0 0 0 0 0 1 0 0 100 50 0 0 0 50 0 0 0 50 0 0  2
J8 9853 K (QJ9643) C -- QJ9643 9853-J8-K 6-4-2-1 50 0 0 0 0 0 0 50 0 0 0 0 0 0 0 0 0 0 100 50 0 0 0 50 0 0 0 50 0 0  2
J8 9853 K (QJ9643) C ++ QJ9643 9853-J8-K 6-4-2-1 50 0 0 0 0 0 0 50 0 0 0 0 0 0 0 0 0 0 100 50 0 0 0 50 0 0 0 50 0 0  2
J8 9853 K (QJ9643) C NS QJ9643 9853-J8-K 6-4-2-1 50 0 0 0 0 0 50 0 0 0 0 0 0 0 0 -1 0 0 100 50 0 0 0 50 0 0 0 50 0 0  2
K 9853 J8 (QJ9643) C EW QJ9643 9853-J8-K 6-4-2-1 50 0 0 0 0 0 0 0 50 0 0 0 0 0 0 1 0 0 100 50 0 0 0 50 0 0 0 50 0 0  2
K 9853 J8 (QJ9643) C -- QJ9643 9853-J8-K 6-4-2-1 50 0 0 0 0 0 0 50 0 0 0 0 0 0 0 0 0 0 100 50 0 0 0 50 0 0 0 50 0 0  2
K 9853 J8 (QJ9643) C ++ QJ9643 9853-J8-K 6-4-2-1 50 0 0 0 0 0 0 50 0 0 0 0 0 0 0 0 0 0 100 50 0 0 0 50 0 0 0 50 0 0  2
K 9853 J8 (QJ9643) C NS QJ9643 9853-J8-K 6-4-2-1 50 0 0 0 0 0 50 0 0 0 0 0 0 0 0 -1 0 0 100 50 0 0 0 50 0 0 0 50 0 0  2
J8 K 9853 (QJ9643) C EW QJ9643 9853-J8-K 6-4-2-1 50 0 0 0 0 0 0 0 50 0 0 0 0 0 0 1 0 0 100 50 0 0 0 50 0 0 0 50 0 0  2
J8 K 9853 (QJ9643) C -- QJ9643 9853-J8-K 6-4-2-1 50 0 0 0 0 0 0 50 0 0 0 0 0 0 0 0 0 0 100 50 0 0 0 50 0 0 0 50 0 0  2
J8 K 9853 (QJ9643) C ++ QJ9643 9853-J8-K 6-4-2-1 50 0 0 0 0 0 0 50 0 0 0 0 0 0 0 0 0 0 100 50 0 0 0 50 0 0 0 50 0 0  2
J8 K 9853 (QJ9643) C NS QJ9643 9853-J8-K 6-4-2-1 50 0 0 0 0 0 50 0 0 0 0 0 0 0 0 -1 0 0 100 50 0 0 0 50 0 0 0 50 0 0  2
K J8 9853 (QJ9643) C EW QJ9643 9853-J8-K 6-4-2-1 50 0 0 0 0 0 0 0 50 0 0 0 0 0 0 1 0 0 100 50 0 0 0 50 0 0 0 50 0 0  2
K J8 9853 (QJ9643) C -- QJ9643 9853-J8-K 6-4-2-1 50 0 0 0 0 0 0 50 0 0 0 0 0 0 0 0 0 0 100 50 0 0 0 50 0 0 0 50 0 0  2
K J8 9853 (QJ9643) C ++ QJ9643 9853-J8-K 6-4-2-1 50 0 0 0 0 0 0 50 0 0 0 0 0 0 0 0 0 0 100 50 0 0 0 50 0 0 0 50 0 0  2
K J8 9853 (QJ9643) C NS QJ9643 9853-J8-K 6-4-2-1 50 0 0 0 0 0 50 0 0 0 0 0 0 0 0 -1 0 0 100 50 0 0 0 50 0 0 0 50 0 0  2
(QJ9643) AK62 AQ5  S EW QJ9643 AK62-AQ5- 6-4-3-0 100 0 0 0 0 0 0 0 0 0 0 0 0 0 0 0 0 0 100 0 0 0 0 100 0 0 0 100 0 0  2
(QJ9643) AK62 AQ5  S -- QJ9643 AK62-AQ5- 6-4-3-0 100 0 0 0 0 0 0 0 0 0 0 0 0 0 0 0 0 0 100 0 0 50 0 50 0 0 0 50 50 0  2
(QJ9643) AK62 AQ5  S ++ QJ9643 AK62-AQ5- 6-4-3-0 100 0 0 0 0 0 0 0 0 0 0 0 0 0 0 0 0 0 100 0 0 50 0 50 0 0 0 50 50 0  2
(QJ9643) AK62 AQ5  S NS QJ9643 AK62-AQ5- 6-4-3-0 100 0 0 0 0 0 0 0 0 0 0 0 0 0 0 0 0 0 100 0 0 50 0 50 0 0 0 50 50 0  2
(QJ9643) AK62  AQ5 S EW QJ9643 AK62-AQ5- 6-4-3-0 100 0 0 0 0 0 0 0 0 0 0 0 0 0 0 0 0 0 100 0 0 0 0 100 0 0 0 100 0 0  2
(QJ9643) AK62  AQ5 S -- QJ9643 AK62-AQ5- 6-4-3-0 100 0 0 0 0 0 0 0 0 0 0 0 0 0 0 0 0 0 100 0 0 50 0 50 0 0 0 50 50 0  2
(QJ9643) AK62  AQ5 S ++ QJ9643 AK62-AQ5- 6-4-3-0 100 0 0 0 0 0 0 0 0 0 0 0 0 0 0 0 0 0 100 0 0 50 0 50 0 0 0 50 50 0  2
(QJ9643) AK62  AQ5 S NS QJ9643 AK62-AQ5- 6-4-3-0 100 0 0 0 0 0 0 0 0 0 0 0 0 0 0 0 0 0 100 0 0 50 0 50 0 0 0 50 50 0  2
(QJ9643) AQ5 AK62  S EW QJ9643 AK62-AQ5- 6-4-3-0 100 0 0 0 0 0 0 0 0 0 0 0 0 0 0 0 0 0 100 0 0 0 0 100 0 0 0 100 0 0  2
(QJ9643) AQ5 AK62  S -- QJ9643 AK62-AQ5- 6-4-3-0 100 0 0 0 0 0 0 0 0 0 0 0 0 0 0 0 0 0 100 0 0 50 0 50 0 0 0 50 50 0  2
(QJ9643) AQ5 AK62  S ++ QJ9643 AK62-AQ5- 6-4-3-0 100 0 0 0 0 0 0 0 0 0 0 0 0 0 0 0 0 0 100 0 0 50 0 50 0 0 0 50 50 0  2
(QJ9643) AQ5 AK62  S NS QJ9643 AK62-AQ5- 6-4-3-0 100 0 0 0 0 0 0 0 0 0 0 0 0 0 0 0 0 0 100 0 0 50 0 50 0 0 0 50 50 0  2
(QJ9643)  AK62 AQ5 S EW QJ9643 AK62-AQ5- 6-4-3-0 100 0 0 0 0 0 0 0 0 0 0 0 0 0 0 0 0 0 100 0 0 0 0 100 0 0 0 100 0 0  2
(QJ9643)  AK62 AQ5 S -- QJ9643 AK62-AQ5- 6-4-3-0 100 0 0 0 0 0 0 0 0 0 0 0 0 0 0 0 0 0 100 0 0 50 0 50 0 0 0 50 50 0  2
(QJ9643)  AK62 AQ5 S ++ QJ9643 AK62-AQ5- 6-4-3-0 100 0 0 0 0 0 0 0 0 0 0 0 0 0 0 0 0 0 100 0 0 50 0 50 0 0 0 50 50 0  2
(QJ9643)  AK62 AQ5 S NS QJ9643 AK62-AQ5- 6-4-3-0 100 0 0 0 0 0 0 0 0 0 0 0 0 0 0 0 0 0 100 0 0 50 0 50 0 0 0 50 50 0  2
(QJ9643) AQ5  AK62 S EW QJ9643 AK62-AQ5- 6-4-3-0 100 0 0 0 0 0 0 0 0 0 0 0 0 0 0 0 0 0 100 0 0 0 0 100 0 0 0 100 0 0  2
(QJ9643) AQ5  AK62 S -- QJ9643 AK62-AQ5- 6-4-3-0 100 0 0 0 0 0 0 0 0 0 0 0 0 0 0 0 0 0 100 0 0 50 0 50 0 0 0 50 50 0  2
(QJ9643) AQ5  AK62 S ++ QJ9643 AK62-AQ5- 6-4-3-0 100 0 0 0 0 0 0 0 0 0 0 0 0 0 0 0 0 0 100 0 0 50 0 50 0 0 0 50 50 0  2
(QJ9643) AQ5  AK62 S NS QJ9643 AK62-AQ5- 6-4-3-0 100 0 0 0 0 0 0 0 0 0 0 0 0 0 0 0 0 0 100 0 0 50 0 50 0 0 0 50 50 0  2
(QJ9643)  AQ5 AK62 S EW QJ9643 AK62-AQ5- 6-4-3-0 100 0 0 0 0 0 0 0 0 0 0 0 0 0 0 0 0 0 100 0 0 0 0 100 0 0 0 100 0 0  2
(QJ9643)  AQ5 AK62 S -- QJ9643 AK62-AQ5- 6-4-3-0 100 0 0 0 0 0 0 0 0 0 0 0 0 0 0 0 0 0 100 0 0 50 0 50 0 0 0 50 50 0  2
(QJ9643)  AQ5 AK62 S ++ QJ9643 AK62-AQ5- 6-4-3-0 100 0 0 0 0 0 0 0 0 0 0 0 0 0 0 0 0 0 100 0 0 50 0 50 0 0 0 50 50 0  2
(QJ9643)  AQ5 AK62 S NS QJ9643 AK62-AQ5- 6-4-3-0 100 0 0 0 0 0 0 0 0 0 0 0 0 0 0 0 0 0 100 0 0 50 0 50 0 0 0 50 50 0  2
AK62 (QJ9643) AQ5  H EW QJ9643 AK62-AQ5- 6-4-3-0 100 0 0 0 0 0 0 0 0 0 0 0 0 0 0 0 0 0 100 0 0 0 0 100 0 0 0 100 0 0  2
AK62 (QJ9643) AQ5  H -- QJ9643 AK62-AQ5- 6-4-3-0 100 0 0 0 0 0 0 0 0 0 0 0 0 0 0 0 0 0 100 0 0 50 0 50 0 0 0 50 50 0  2
AK62 (QJ9643) AQ5  H ++ QJ9643 AK62-AQ5- 6-4-3-0 100 0 0 0 0 0 0 0 0 0 0 0 0 0 0 0 0 0 100 0 0 50 0 50 0 0 0 50 50 0  2
AK62 (QJ9643) AQ5  H NS QJ9643 AK62-AQ5- 6-4-3-0 100 0 0 0 0 0 0 0 0 0 0 0 0 0 0 0 0 0 100 0 0 50 0 50 0 0 0 50 50 0  2
AK62 (QJ9643)  AQ5 H EW QJ9643 AK62-AQ5- 6-4-3-0 100 0 0 0 0 0 0 0 0 0 0 0 0 0 0 0 0 0 100 0 0 0 0 100 0 0 0 100 0 0  2
AK62 (QJ9643)  AQ5 H -- QJ9643 AK62-AQ5- 6-4-3-0 100 0 0 0 0 0 0 0 0 0 0 0 0 0 0 0 0 0 100 0 0 50 0 50 0 0 0 50 50 0  2
AK62 (QJ9643)  AQ5 H ++ QJ9643 AK62-AQ5- 6-4-3-0 100 0 0 0 0 0 0 0 0 0 0 0 0 0 0 0 0 0 100 0 0 50 0 50 0 0 0 50 50 0  2
AK62 (QJ9643)  AQ5 H NS QJ9643 AK62-AQ5- 6-4-3-0 100 0 0 0 0 0 0 0 0 0 0 0 0 0 0 0 0 0 100 0 0 50 0 50 0 0 0 50 50 0  2
AQ5 (QJ9643) AK62  H EW QJ9643 AK62-AQ5- 6-4-3-0 100 0 0 0 0 0 0 0 0 0 0 0 0 0 0 0 0 0 100 0 0 0 0 100 0 0 0 100 0 0  2
AQ5 (QJ9643) AK62  H -- QJ9643 AK62-AQ5- 6-4-3-0 100 0 0 0 0 0 0 0 0 0 0 0 0 0 0 0 0 0 100 0 0 50 0 50 0 0 0 50 50 0  2
AQ5 (QJ9643) AK62  H ++ QJ9643 AK62-AQ5- 6-4-3-0 100 0 0 0 0 0 0 0 0 0 0 0 0 0 0 0 0 0 100 0 0 50 0 50 0 0 0 50 50 0  2
AQ5 (QJ9643) AK62  H NS QJ9643 AK62-AQ5- 6-4-3-0 100 0 0 0 0 0 0 0 0 0 0 0 0 0 0 0 0 0 100 0 0 50 0 50 0 0 0 50 50 0  2
 (QJ9643) AK62 AQ5 H EW QJ9643 AK62-AQ5- 6-4-3-0 100 0 0 0 0 0 0 0 0 0 0 0 0 0 0 0 0 0 100 0 0 0 0 100 0 0 0 100 0 0  2
 (QJ9643) AK62 AQ5 H -- QJ9643 AK62-AQ5- 6-4-3-0 100 0 0 0 0 0 0 0 0 0 0 0 0 0 0 0 0 0 100 0 0 50 0 50 0 0 0 50 50 0  2
 (QJ9643) AK62 AQ5 H ++ QJ9643 AK62-AQ5- 6-4-3-0 100 0 0 0 0 0 0 0 0 0 0 0 0 0 0 0 0 0 100 0 0 50 0 50 0 0 0 50 50 0  2
 (QJ9643) AK62 AQ5 H NS QJ9643 AK62-AQ5- 6-4-3-0 100 0 0 0 0 0 0 0 0 0 0 0 0 0 0 0 0 0 100 0 0 50 0 50 0 0 0 50 50 0  2
AQ5 (QJ9643)  AK62 H EW QJ9643 AK62-AQ5- 6-4-3-0 100 0 0 0 0 0 0 0 0 0 0 0 0 0 0 0 0 0 100 0 0 0 0 100 0 0 0 100 0 0  2
AQ5 (QJ9643)  AK62 H -- QJ9643 AK62-AQ5- 6-4-3-0 100 0 0 0 0 0 0 0 0 0 0 0 0 0 0 0 0 0 100 0 0 50 0 50 0 0 0 50 50 0  2
AQ5 (QJ9643)  AK62 H ++ QJ9643 AK62-AQ5- 6-4-3-0 100 0 0 0 0 0 0 0 0 0 0 0 0 0 0 0 0 0 100 0 0 50 0 50 0 0 0 50 50 0  2
AQ5 (QJ9643)  AK62 H NS QJ9643 AK62-AQ5- 6-4-3-0 100 0 0 0 0 0 0 0 0 0 0 0 0 0 0 0 0 0 100 0 0 50 0 50 0 0 0 50 50 0  2
 (QJ9643) AQ5 AK62 H EW QJ9643 AK62-AQ5- 6-4-3-0 100 0 0 0 0 0 0 0 0 0 0 0 0 0 0 0 0 0 100 0 0 0 0 100 0 0 0 100 0 0  2
 (QJ9643) AQ5 AK62 H -- QJ9643 AK62-AQ5- 6-4-3-0 100 0 0 0 0 0 0 0 0 0 0 0 0 0 0 0 0 0 100 0 0 50 0 50 0 0 0 50 50 0  2
 (QJ9643) AQ5 AK62 H ++ QJ9643 AK62-AQ5- 6-4-3-0 100 0 0 0 0 0 0 0 0 0 0 0 0 0 0 0 0 0 100 0 0 50 0 50 0 0 0 50 50 0  2
 (QJ9643) AQ5 AK62 H NS QJ9643 AK62-AQ5- 6-4-3-0 100 0 0 0 0 0 0 0 0 0 0 0 0 0 0 0 0 0 100 0 0 50 0 50 0 0 0 50 50 0  2
AK62 AQ5 (QJ9643)  D EW QJ9643 AK62-AQ5- 6-4-3-0 100 0 0 0 0 0 0 0 0 0 0 0 0 0 0 0 0 0 100 0 0 0 0 100 0 0 0 100 0 0  2
AK62 AQ5 (QJ9643)  D -- QJ9643 AK62-AQ5- 6-4-3-0 100 0 0 0 0 0 0 0 0 0 0 0 0 0 0 0 0 0 100 0 0 50 0 50 0 0 0 50 50 0  2
AK62 AQ5 (QJ9643)  D ++ QJ9643 AK62-AQ5- 6-4-3-0 100 0 0 0 0 0 0 0 0 0 0 0 0 0 0 0 0 0 100 0 0 50 0 50 0 0 0 50 50 0  2
AK62 AQ5 (QJ9643)  D NS QJ9643 AK62-AQ5- 6-4-3-0 100 0 0 0 0 0 0 0 0 0 0 0 0 0 0 0 0 0 100 0 0 50 0 50 0 0 0 50 50 0  2
AK62  (QJ9643) AQ5 D EW QJ9643 AK62-AQ5- 6-4-3-0 100 0 0 0 0 0 0 0 0 0 0 0 0 0 0 0 0 0 100 0 0 0 0 100 0 0 0 100 0 0  2
AK62  (QJ9643) AQ5 D -- QJ9643 AK62-AQ5- 6-4-3-0 100 0 0 0 0 0 0 0 0 0 0 0 0 0 0 0 0 0 100 0 0 50 0 50 0 0 0 50 50 0  2
AK62  (QJ9643) AQ5 D ++ QJ9643 AK62-AQ5- 6-4-3-0 100 0 0 0 0 0 0 0 0 0 0 0 0 0 0 0 0 0 100 0 0 50 0 50 0 0 0 50 50 0  2
AK62  (QJ9643) AQ5 D NS QJ9643 AK62-AQ5- 6-4-3-0 100 0 0 0 0 0 0 0 0 0 0 0 0 0 0 0 0 0 100 0 0 50 0 50 0 0 0 50 50 0  2
AQ5 AK62 (QJ9643)  D EW QJ9643 AK62-AQ5- 6-4-3-0 100 0 0 0 0 0 0 0 0 0 0 0 0 0 0 0 0 0 100 0 0 0 0 100 0 0 0 100 0 0  2
AQ5 AK62 (QJ9643)  D -- QJ9643 AK62-AQ5- 6-4-3-0 100 0 0 0 0 0 0 0 0 0 0 0 0 0 0 0 0 0 100 0 0 50 0 50 0 0 0 50 50 0  2
AQ5 AK62 (QJ9643)  D ++ QJ9643 AK62-AQ5- 6-4-3-0 100 0 0 0 0 0 0 0 0 0 0 0 0 0 0 0 0 0 100 0 0 50 0 50 0 0 0 50 50 0  2
AQ5 AK62 (QJ9643)  D NS QJ9643 AK62-AQ5- 6-4-3-0 100 0 0 0 0 0 0 0 0 0 0 0 0 0 0 0 0 0 100 0 0 50 0 50 0 0 0 50 50 0  2
 AK62 (QJ9643) AQ5 D EW QJ9643 AK62-AQ5- 6-4-3-0 100 0 0 0 0 0 0 0 0 0 0 0 0 0 0 0 0 0 100 0 0 0 0 100 0 0 0 100 0 0  2
 AK62 (QJ9643) AQ5 D -- QJ9643 AK62-AQ5- 6-4-3-0 100 0 0 0 0 0 0 0 0 0 0 0 0 0 0 0 0 0 100 0 0 50 0 50 0 0 0 50 50 0  2
 AK62 (QJ9643) AQ5 D ++ QJ9643 AK62-AQ5- 6-4-3-0 100 0 0 0 0 0 0 0 0 0 0 0 0 0 0 0 0 0 100 0 0 50 0 50 0 0 0 50 50 0  2
 AK62 (QJ9643) AQ5 D NS QJ9643 AK62-AQ5- 6-4-3-0 100 0 0 0 0 0 0 0 0 0 0 0 0 0 0 0 0 0 100 0 0 50 0 50 0 0 0 50 50 0  2
AQ5  (QJ9643) AK62 D EW QJ9643 AK62-AQ5- 6-4-3-0 100 0 0 0 0 0 0 0 0 0 0 0 0 0 0 0 0 0 100 0 0 0 0 100 0 0 0 100 0 0  2
AQ5  (QJ9643) AK62 D -- QJ9643 AK62-AQ5- 6-4-3-0 100 0 0 0 0 0 0 0 0 0 0 0 0 0 0 0 0 0 100 0 0 50 0 50 0 0 0 50 50 0  2
AQ5  (QJ9643) AK62 D ++ QJ9643 AK62-AQ5- 6-4-3-0 100 0 0 0 0 0 0 0 0 0 0 0 0 0 0 0 0 0 100 0 0 50 0 50 0 0 0 50 50 0  2
AQ5  (QJ9643) AK62 D NS QJ9643 AK62-AQ5- 6-4-3-0 100 0 0 0 0 0 0 0 0 0 0 0 0 0 0 0 0 0 100 0 0 50 0 50 0 0 0 50 50 0  2
 AQ5 (QJ9643) AK62 D EW QJ9643 AK62-AQ5- 6-4-3-0 100 0 0 0 0 0 0 0 0 0 0 0 0 0 0 0 0 0 100 0 0 0 0 100 0 0 0 100 0 0  2
 AQ5 (QJ9643) AK62 D -- QJ9643 AK62-AQ5- 6-4-3-0 100 0 0 0 0 0 0 0 0 0 0 0 0 0 0 0 0 0 100 0 0 50 0 50 0 0 0 50 50 0  2
 AQ5 (QJ9643) AK62 D ++ QJ9643 AK62-AQ5- 6-4-3-0 100 0 0 0 0 0 0 0 0 0 0 0 0 0 0 0 0 0 100 0 0 50 0 50 0 0 0 50 50 0  2
 AQ5 (QJ9643) AK62 D NS QJ9643 AK62-AQ5- 6-4-3-0 100 0 0 0 0 0 0 0 0 0 0 0 0 0 0 0 0 0 100 0 0 50 0 50 0 0 0 50 50 0  2
AK62 AQ5  (QJ9643) C EW QJ9643 AK62-AQ5- 6-4-3-0 100 0 0 0 0 0 0 0 0 0 0 0 0 0 0 0 0 0 100 0 0 0 0 100 0 0 0 100 0 0  2
AK62 AQ5  (QJ9643) C -- QJ9643 AK62-AQ5- 6-4-3-0 100 0 0 0 0 0 0 0 0 0 0 0 0 0 0 0 0 0 100 0 0 50 0 50 0 0 0 50 50 0  2
AK62 AQ5  (QJ9643) C ++ QJ9643 AK62-AQ5- 6-4-3-0 100 0 0 0 0 0 0 0 0 0 0 0 0 0 0 0 0 0 100 0 0 50 0 50 0 0 0 50 50 0  2
AK62 AQ5  (QJ9643) C NS QJ9643 AK62-AQ5- 6-4-3-0 100 0 0 0 0 0 0 0 0 0 0 0 0 0 0 0 0 0 100 0 0 50 0 50 0 0 0 50 50 0  2
AK62  AQ5 (QJ9643) C EW QJ9643 AK62-AQ5- 6-4-3-0 100 0 0 0 0 0 0 0 0 0 0 0 0 0 0 0 0 0 100 0 0 0 0 100 0 0 0 100 0 0  2
AK62  AQ5 (QJ9643) C -- QJ9643 AK62-AQ5- 6-4-3-0 100 0 0 0 0 0 0 0 0 0 0 0 0 0 0 0 0 0 100 0 0 50 0 50 0 0 0 50 50 0  2
AK62  AQ5 (QJ9643) C ++ QJ9643 AK62-AQ5- 6-4-3-0 100 0 0 0 0 0 0 0 0 0 0 0 0 0 0 0 0 0 100 0 0 50 0 50 0 0 0 50 50 0  2
AK62  AQ5 (QJ9643) C NS QJ9643 AK62-AQ5- 6-4-3-0 100 0 0 0 0 0 0 0 0 0 0 0 0 0 0 0 0 0 100 0 0 50 0 50 0 0 0 50 50 0  2
AQ5 AK62  (QJ9643) C EW QJ9643 AK62-AQ5- 6-4-3-0 100 0 0 0 0 0 0 0 0 0 0 0 0 0 0 0 0 0 100 0 0 0 0 100 0 0 0 100 0 0  2
AQ5 AK62  (QJ9643) C -- QJ9643 AK62-AQ5- 6-4-3-0 100 0 0 0 0 0 0 0 0 0 0 0 0 0 0 0 0 0 100 0 0 50 0 50 0 0 0 50 50 0  2
AQ5 AK62  (QJ9643) C ++ QJ9643 AK62-AQ5- 6-4-3-0 100 0 0 0 0 0 0 0 0 0 0 0 0 0 0 0 0 0 100 0 0 50 0 50 0 0 0 50 50 0  2
AQ5 AK62  (QJ9643) C NS QJ9643 AK62-AQ5- 6-4-3-0 100 0 0 0 0 0 0 0 0 0 0 0 0 0 0 0 0 0 100 0 0 50 0 50 0 0 0 50 50 0  2
 AK62 AQ5 (QJ9643) C EW QJ9643 AK62-AQ5- 6-4-3-0 100 0 0 0 0 0 0 0 0 0 0 0 0 0 0 0 0 0 100 0 0 0 0 100 0 0 0 100 0 0  2
 AK62 AQ5 (QJ9643) C -- QJ9643 AK62-AQ5- 6-4-3-0 100 0 0 0 0 0 0 0 0 0 0 0 0 0 0 0 0 0 100 0 0 50 0 50 0 0 0 50 50 0  2
 AK62 AQ5 (QJ9643) C ++ QJ9643 AK62-AQ5- 6-4-3-0 100 0 0 0 0 0 0 0 0 0 0 0 0 0 0 0 0 0 100 0 0 50 0 50 0 0 0 50 50 0  2
 AK62 AQ5 (QJ9643) C NS QJ9643 AK62-AQ5- 6-4-3-0 100 0 0 0 0 0 0 0 0 0 0 0 0 0 0 0 0 0 100 0 0 50 0 50 0 0 0 50 50 0  2
AQ5  AK62 (QJ9643) C EW QJ9643 AK62-AQ5- 6-4-3-0 100 0 0 0 0 0 0 0 0 0 0 0 0 0 0 0 0 0 100 0 0 0 0 100 0 0 0 100 0 0  2
AQ5  AK62 (QJ9643) C -- QJ9643 AK62-AQ5- 6-4-3-0 100 0 0 0 0 0 0 0 0 0 0 0 0 0 0 0 0 0 100 0 0 50 0 50 0 0 0 50 50 0  2
AQ5  AK62 (QJ9643) C ++ QJ9643 AK62-AQ5- 6-4-3-0 100 0 0 0 0 0 0 0 0 0 0 0 0 0 0 0 0 0 100 0 0 50 0 50 0 0 0 50 50 0  2
AQ5  AK62 (QJ9643) C NS QJ9643 AK62-AQ5- 6-4-3-0 100 0 0 0 0 0 0 0 0 0 0 0 0 0 0 0 0 0 100 0 0 50 0 50 0 0 0 50 50 0  2
 AQ5 AK62 (QJ9643) C EW QJ9643 AK62-AQ5- 6-4-3-0 100 0 0 0 0 0 0 0 0 0 0 0 0 0 0 0 0 0 100 0 0 0 0 100 0 0 0 100 0 0  2
 AQ5 AK62 (QJ9643) C -- QJ9643 AK62-AQ5- 6-4-3-0 100 0 0 0 0 0 0 0 0 0 0 0 0 0 0 0 0 0 100 0 0 50 0 50 0 0 0 50 50 0  2
 AQ5 AK62 (QJ9643) C ++ QJ9643 AK62-AQ5- 6-4-3-0 100 0 0 0 0 0 0 0 0 0 0 0 0 0 0 0 0 0 100 0 0 50 0 50 0 0 0 50 50 0  2
 AQ5 AK62 (QJ9643) C NS QJ9643 AK62-AQ5- 6-4-3-0 100 0 0 0 0 0 0 0 0 0 0 0 0 0 0 0 0 0 100 0 0 50 0 50 0 0 0 50 50 0  2
(AKT752) 9853 J8 K S EW AKT752 9853-J8-K 6-4-2-1 0 0 0 0 0 0 0 0 0 100 0 0 0 0 0 2 0 0 100 0 100 0 0 0 0 0 0 0 0 100  2
(AKT752) 9853 J8 K S -- AKT752 9853-J8-K 6-4-2-1 0 0 0 0 0 0 0 0 0 100 0 0 0 0 0 2 0 0 100 0 100 0 0 0 0 0 0 0 0 100  2
(AKT752) 9853 J8 K S ++ AKT752 9853-J8-K 6-4-2-1 0 0 0 0 0 0 0 0 100 0 0 0 0 0 0 1 0 0 100 0 100 0 0 0 0 0 0 0 0 100  2
(AKT752) 9853 J8 K S NS AKT752 9853-J8-K 6-4-2-1 0 0 0 0 0 0 0 0 100 0 0 0 0 0 0 1 0 0 100 0 100 0 0 0 0 0 0 0 0 100  2
(AKT752) 9853 K J8 S EW AKT752 9853-J8-K 6-4-2-1 0 0 0 0 0 0 0 0 0 100 0 0 0 0 0 2 0 0 100 0 100 0 0 0 0 0 0 0 0 100  2
(AKT752) 9853 K J8 S -- AKT752 9853-J8-K 6-4-2-1 0 0 0 0 0 0 0 0 0 100 0 0 0 0 0 2 0 0 100 0 100 0 0 0 0 0 0 0 0 100  2
(AKT752) 9853 K J8 S ++ AKT752 9853-J8-K 6-4-2-1 0 0 0 0 0 0 0 0 100 0 0 0 0 0 0 1 0 0 100 0 100 0 0 0 0 0 0 0 0 100  2
(AKT752) 9853 K J8 S NS AKT752 9853-J8-K 6-4-2-1 0 0 0 0 0 0 0 0 100 0 0 0 0 0 0 1 0 0 100 0 100 0 0 0 0 0 0 0 0 100  2
(AKT752) J8 9853 K S EW AKT752 9853-J8-K 6-4-2-1 0 0 0 0 0 0 0 0 0 50 0 50 0 0 0 3 0 50 50 0 50 0 0 0 0 0 50 50 50 100  2
(AKT752) J8 9853 K S -- AKT752 9853-J8-K 6-4-2-1 0 0 0 0 0 0 0 0 0 50 50 0 0 0 0 2.5 0 0 100 0 100 0 0 0 0 0 0 0 0 100  2
(AKT752) J8 9853 K S ++ AKT752 9853-J8-K 6-4-2-1 0 0 0 0 0 0 0 0 50 0 50 0 0 0 0 2 0 0 100 0 100 0 0 0 0 0 0 0 0 100  2
(AKT752) J8 9853 K S NS AKT752 9853-J8-K 6-4-2-1 0 0 0 0 0 0 0 0 50 50 0 0 0 0 0 1.5 0 0 100 50 50 0 0 0 0 0 0 0 0 50  2
(AKT752) K 9853 J8 S EW AKT752 9853-J8-K 6-4-2-1 0 0 0 0 0 0 0 0 0 100 0 0 0 0 0 2 0 0 100 0 100 0 0 0 0 0 0 0 0 100  2
(AKT752) K 9853 J8 S -- AKT752 9853-J8-K 6-4-2-1 0 0 0 0 0 0 0 0 0 100 0 0 0 0 0 2 0 0 100 0 100 0 0 0 0 0 0 0 0 100  2
(AKT752) K 9853 J8 S ++ AKT752 9853-J8-K 6-4-2-1 0 0 0 0 0 0 0 0 100 0 0 0 0 0 0 1 0 0 100 0 100 0 0 0 0 0 0 0 0 100  2
(AKT752) K 9853 J8 S NS AKT752 9853-J8-K 6-4-2-1 0 0 0 0 0 0 0 0 100 0 0 0 0 0 0 1 0 0 100 0 100 0 0 0 0 0 0 0 0 100  2
(AKT752) J8 K 9853 S EW AKT752 9853-J8-K 6-4-2-1 0 0 0 0 0 0 0 0 0 50 0 50 0 0 0 3 0 50 50 0 50 0 0 0 0 0 50 50 50 100  2
(AKT752) J8 K 9853 S -- AKT752 9853-J8-K 6-4-2-1 0 0 0 0 0 0 0 0 0 50 50 0 0 0 0 2.5 0 0 100 0 100 0 0 0 0 0 0 0 0 100  2
(AKT752) J8 K 9853 S ++ AKT752 9853-J8-K 6-4-2-1 0 0 0 0 0 0 0 0 50 0 50 0 0 0 0 2 0 0 100 0 100 0 0 0 0 0 0 0 0 100  2
(AKT752) J8 K 9853 S NS AKT752 9853-J8-K 6-4-2-1 0 0 0 0 0 0 0 0 50 50 0 0 0 0 0 1.5 0 0 100 50 50 0 0 0 0 0 0 0 0 50  2
(AKT752) K J8 9853 S EW AKT752 9853-J8-K 6-4-2-1 0 0 0 0 0 0 0 0 0 100 0 0 0 0 0 2 0 0 100 0 100 0 0 0 0 0 0 0 0 100  2
(AKT752) K J8 9853 S -- AKT752 9853-J8-K 6-4-2-1 0 0 0 0 0 0 0 0 0 100 0 0 0 0 0 2 0 0 100 0 100 0 0 0 0 0 0 0 0 100  2
(AKT752) K J8 9853 S ++ AKT752 9853-J8-K 6-4-2-1 0 0 0 0 0 0 0 0 100 0 0 0 0 0 0 1 0 0 100 0 100 0 0 0 0 0 0 0 0 100  2
(AKT752) K J8 9853 S NS AKT752 9853-J8-K 6-4-2-1 0 0 0 0 0 0 0 0 100 0 0 0 0 0 0 1 0 0 100 0 100 0 0 0 0 0 0 0 0 100  2
9853 (AKT752) J8 K H EW AKT752 9853-J8-K 6-4-2-1 0 0 0 0 0 0 0 0 0 100 0 0 0 0 0 2 0 0 100 0 100 0 0 0 0 0 0 0 0 100  2
9853 (AKT752) J8 K H -- AKT752 9853-J8-K 6-4-2-1 0 0 0 0 0 0 0 0 0 100 0 0 0 0 0 2 0 0 100 0 100 0 0 0 0 0 0 0 0 100  2
9853 (AKT752) J8 K H ++ AKT752 9853-J8-K 6-4-2-1 0 0 0 0 0 0 0 0 100 0 0 0 0 0 0 1 0 0 100 0 100 0 0 0 0 0 0 0 0 100  2
9853 (AKT752) J8 K H NS AKT752 9853-J8-K 6-4-2-1 0 0 0 0 0 0 0 0 100 0 0 0 0 0 0 1 0 0 100 0 100 0 0 0 0 0 0 0 0 100  2
9853 (AKT752) K J8 H EW AKT752 9853-J8-K 6-4-2-1 0 0 0 0 0 0 0 0 0 100 0 0 0 0 0 2 0 0 100 0 100 0 0 0 0 0 0 0 0 100  2
9853 (AKT752) K J8 H -- AKT752 9853-J8-K 6-4-2-1 0 0 0 0 0 0 0 0 0 100 0 0 0 0 0 2 0 0 100 0 100 0 0 0 0 0 0 0 0 100  2
9853 (AKT752) K J8 H ++ AKT752 9853-J8-K 6-4-2-1 0 0 0 0 0 0 0 0 100 0 0 0 0 0 0 1 0 0 100 0 100 0 0 0 0 0 0 0 0 100  2
9853 (AKT752) K J8 H NS AKT752 9853-J8-K 6-4-2-1 0 0 0 0 0 0 0 0 100 0 0 0 0 0 0 1 0 0 100 0 100 0 0 0 0 0 0 0 0 100  2
J8 (AKT752) 9853 K H EW AKT752 9853-J8-K 6-4-2-1 0 0 0 0 0 0 0 0 0 50 0 50 0 0 0 3 0 0 100 0 100 0 0 0 0 0 0 0 0 100  2
J8 (AKT752) 9853 K H -- AKT752 9853-J8-K 6-4-2-1 0 0 0 0 0 0 0 0 0 50 50 0 0 0 0 2.5 0 0 100 50 50 0 0 0 0 0 0 0 0 50  2
J8 (AKT752) 9853 K H ++ AKT752 9853-J8-K 6-4-2-1 0 0 0 0 0 0 0 0 50 0 50 0 0 0 0 2 0 0 100 50 50 0 0 0 0 0 0 0 0 50  2
J8 (AKT752) 9853 K H NS AKT752 9853-J8-K 6-4-2-1 0 0 0 0 0 0 0 0 50 50 0 0 0 0 0 1.5 0 0 100 50 50 0 0 0 0 0 0 0 0 50  2
K (AKT752) 9853 J8 H EW AKT752 9853-J8-K 6-4-2-1 0 0 0 0 0 0 0 0 0 100 0 0 0 0 0 2 0 0 100 0 100 0 0 0 0 0 0 0 0 100  2
K (AKT752) 9853 J8 H -- AKT752 9853-J8-K 6-4-2-1 0 0 0 0 0 0 0 0 0 100 0 0 0 0 0 2 0 0 100 0 100 0 0 0 0 0 0 0 0 100  2
K (AKT752) 9853 J8 H ++ AKT752 9853-J8-K 6-4-2-1 0 0 0 0 0 0 0 0 100 0 0 0 0 0 0 1 0 0 100 0 100 0 0 0 0 0 0 0 0 100  2
K (AKT752) 9853 J8 H NS AKT752 9853-J8-K 6-4-2-1 0 0 0 0 0 0 0 0 100 0 0 0 0 0 0 1 0 0 100 0 100 0 0 0 0 0 0 0 0 100  2
J8 (AKT752) K 9853 H EW AKT752 9853-J8-K 6-4-2-1 0 0 0 0 0 0 0 0 0 50 0 50 0 0 0 3 0 0 100 0 100 0 0 0 0 0 0 0 0 100  2
J8 (AKT752) K 9853 H -- AKT752 9853-J8-K 6-4-2-1 0 0 0 0 0 0 0 0 0 50 50 0 0 0 0 2.5 0 0 100 50 50 0 0 0 0 0 0 0 0 50  2
J8 (AKT752) K 9853 H ++ AKT752 9853-J8-K 6-4-2-1 0 0 0 0 0 0 0 0 50 0 50 0 0 0 0 2 0 0 100 50 50 0 0 0 0 0 0 0 0 50  2
J8 (AKT752) K 9853 H NS AKT752 9853-J8-K 6-4-2-1 0 0 0 0 0 0 0 0 50 50 0 0 0 0 0 1.5 0 0 100 50 50 0 0 0 0 0 0 0 0 50  2
K (AKT752) J8 9853 H EW AKT752 9853-J8-K 6-4-2-1 0 0 0 0 0 0 0 0 0 100 0 0 0 0 0 2 0 0 100 0 100 0 0 0 0 0 0 0 0 100  2
K (AKT752) J8 9853 H -- AKT752 9853-J8-K 6-4-2-1 0 0 0 0 0 0 0 0 0 100 0 0 0 0 0 2 0 0 100 0 100 0 0 0 0 0 0 0 0 100  2
K (AKT752) J8 9853 H ++ AKT752 9853-J8-K 6-4-2-1 0 0 0 0 0 0 0 0 100 0 0 0 0 0 0 1 0 0 100 0 100 0 0 0 0 0 0 0 0 100  2
K (AKT752) J8 9853 H NS AKT752 9853-J8-K 6-4-2-1 0 0 0 0 0 0 0 0 100 0 0 0 0 0 0 1 0 0 100 0 100 0 0 0 0 0 0 0 0 100  2
9853 J8 (AKT752) K D EW AKT752 9853-J8-K 6-4-2-1 0 0 0 0 0 0 0 0 0 50 0 50 0 0 0 3 0 0 100 0 100 0 0 0 0 0 0 0 0 100  2
9853 J8 (AKT752) K D -- AKT752 9853-J8-K 6-4-2-1 0 0 0 0 0 0 0 0 0 50 50 0 0 0 0 2.5 0 0 100 50 50 0 0 0 0 0 0 0 0 50  2
9853 J8 (AKT752) K D ++ AKT752 9853-J8-K 6-4-2-1 0 0 0 0 0 0 0 0 50 0 50 0 0 0 0 2 0 0 100 50 50 0 0 0 0 0 0 0 0 50  2
9853 J8 (AKT752) K D NS AKT752 9853-J8-K 6-4-2-1 0 0 0 0 0 0 0 0 50 50 0 0 0 0 0 1.5 0 0 100 50 50 0 0 0 0 0 0 0 0 50  2
9853 K (AKT752) J8 D EW AKT752 9853-J8-K 6-4-2-1 0 0 0 0 0 0 0 0 0 100 0 0 0 0 0 2 0 0 100 0 100 0 0 0 0 0 0 0 0 100  2
9853 K (AKT752) J8 D -- AKT752 9853-J8-K 6-4-2-1 0 0 0 0 0 0 0 0 0 100 0 0 0 0 0 2 0 0 100 0 100 0 0 0 0 0 0 0 0 100  2
9853 K (AKT752) J8 D ++ AKT752 9853-J8-K 6-4-2-1 0 0 0 0 0 0 0 0 100 0 0 0 0 0 0 1 0 0 100 0 100 0 0 0 0 0 0 0 0 100  2
9853 K (AKT752) J8 D NS AKT752 9853-J8-K 6-4-2-1 0 0 0 0 0 0 0 0 100 0 0 0 0 0 0 1 0 0 100 0 100 0 0 0 0 0 0 0 0 100  2
J8 9853 (AKT752) K D EW AKT752 9853-J8-K 6-4-2-1 0 0 0 0 0 0 0 0 0 50 0 50 0 0 0 3 0 0 100 0 100 0 0 0 0 0 0 0 0 100  2
J8 9853 (AKT752) K D -- AKT752 9853-J8-K 6-4-2-1 0 0 0 0 0 0 0 0 0 50 50 0 0 0 0 2.5 0 0 100 50 50 0 0 0 0 0 0 0 0 50  2
J8 9853 (AKT752) K D ++ AKT752 9853-J8-K 6-4-2-1 0 0 0 0 0 0 0 0 50 0 50 0 0 0 0 2 0 0 100 50 50 0 0 0 0 0 0 0 0 50  2
J8 9853 (AKT752) K D NS AKT752 9853-J8-K 6-4-2-1 0 0 0 0 0 0 0 0 50 50 0 0 0 0 0 1.5 0 0 100 50 50 0 0 0 0 0 0 0 0 50  2
K 9853 (AKT752) J8 D EW AKT752 9853-J8-K 6-4-2-1 0 0 0 0 0 0 0 0 0 100 0 0 0 0 0 2 0 0 100 0 100 0 0 0 0 0 0 0 0 100  2
K 9853 (AKT752) J8 D -- AKT752 9853-J8-K 6-4-2-1 0 0 0 0 0 0 0 0 0 100 0 0 0 0 0 2 0 0 100 0 100 0 0 0 0 0 0 0 0 100  2
K 9853 (AKT752) J8 D ++ AKT752 9853-J8-K 6-4-2-1 0 0 0 0 0 0 0 0 100 0 0 0 0 0 0 1 0 0 100 0 100 0 0 0 0 0 0 0 0 100  2
K 9853 (AKT752) J8 D NS AKT752 9853-J8-K 6-4-2-1 0 0 0 0 0 0 0 0 100 0 0 0 0 0 0 1 0 0 100 0 100 0 0 0 0 0 0 0 0 100  2
J8 K (AKT752) 9853 D EW AKT752 9853-J8-K 6-4-2-1 0 0 0 0 0 0 0 0 0 50 0 50 0 0 0 3 0 0 100 0 100 0 0 0 0 0 0 0 0 100  2
J8 K (AKT752) 9853 D -- AKT752 9853-J8-K 6-4-2-1 0 0 0 0 0 0 0 0 0 50 50 0 0 0 0 2.5 0 0 100 50 50 0 0 0 0 0 0 0 0 50  2
J8 K (AKT752) 9853 D ++ AKT752 9853-J8-K 6-4-2-1 0 0 0 0 0 0 0 0 50 0 50 0 0 0 0 2 0 0 100 50 50 0 0 0 0 0 0 0 0 50  2
J8 K (AKT752) 9853 D NS AKT752 9853-J8-K 6-4-2-1 0 0 0 0 0 0 0 0 50 50 0 0 0 0 0 1.5 0 0 100 50 50 0 0 0 0 0 0 0 0 50  2
K J8 (AKT752) 9853 D EW AKT752 9853-J8-K 6-4-2-1 0 0 0 0 0 0 0 0 0 50 0 50 0 0 0 3 0 0 100 0 50 0 0 0 0 50 0 50 50 50  2
K J8 (AKT752) 9853 D -- AKT752 9853-J8-K 6-4-2-1 0 0 0 0 0 0 0 0 0 50 50 0 0 0 0 2.5 0 0 100 50 50 0 0 0 0 0 0 0 0 50  2
K J8 (AKT752) 9853 D ++ AKT752 9853-J8-K 6-4-2-1 0 0 0 0 0 0 0 0 50 0 50 0 0 0 0 2 0 0 100 50 50 0 0 0 0 0 0 0 0 50  2
K J8 (AKT752) 9853 D NS AKT752 9853-J8-K 6-4-2-1 0 0 0 0 0 0 0 0 50 50 0 0 0 0 0 1.5 0 0 100 50 50 0 0 0 0 0 0 0 0 50  2
9853 J8 K (AKT752) C EW AKT752 9853-J8-K 6-4-2-1 0 0 0 0 0 0 0 0 0 50 0 50 0 0 0 3 0 0 100 0 100 0 0 0 0 0 0 0 0 100  2
9853 J8 K (AKT752) C -- AKT752 9853-J8-K 6-4-2-1 0 0 0 0 0 0 0 0 0 50 50 0 0 0 0 2.5 0 0 100 50 50 0 0 0 0 0 0 0 0 50  2
9853 J8 K (AKT752) C ++ AKT752 9853-J8-K 6-4-2-1 0 0 0 0 0 0 0 0 50 0 50 0 0 0 0 2 0 0 100 50 50 0 0 0 0 0 0 0 0 50  2
9853 J8 K (AKT752) C NS AKT752 9853-J8-K 6-4-2-1 0 0 0 0 0 0 0 0 50 50 0 0 0 0 0 1.5 0 0 100 50 50 0 0 0 0 0 0 0 0 50  2
9853 K J8 (AKT752) C EW AKT752 9853-J8-K 6-4-2-1 0 0 0 0 0 0 0 0 0 100 0 0 0 0 0 2 0 0 100 50 50 0 0 0 0 0 0 0 0 50  2
9853 K J8 (AKT752) C -- AKT752 9853-J8-K 6-4-2-1 0 0 0 0 0 0 0 0 0 100 0 0 0 0 0 2 0 0 100 50 50 0 0 0 0 0 0 0 0 50  2
9853 K J8 (AKT752) C ++ AKT752 9853-J8-K 6-4-2-1 0 0 0 0 0 0 0 0 100 0 0 0 0 0 0 1 0 0 100 50 50 0 0 0 0 0 0 0 0 50  2
9853 K J8 (AKT752) C NS AKT752 9853-J8-K 6-4-2-1 0 0 0 0 0 0 0 0 100 0 0 0 0 0 0 1 0 0 100 50 50 0 0 0 0 0 0 0 0 50  2
J8 9853 K (AKT752) C EW AKT752 9853-J8-K 6-4-2-1 0 0 0 0 0 0 0 0 0 50 0 50 0 0 0 3 0 0 100 0 100 0 0 0 0 0 0 0 0 100  2
J8 9853 K (AKT752) C -- AKT752 9853-J8-K 6-4-2-1 0 0 0 0 0 0 0 0 0 50 50 0 0 0 0 2.5 0 0 100 50 50 0 0 0 0 0 0 0 0 50  2
J8 9853 K (AKT752) C ++ AKT752 9853-J8-K 6-4-2-1 0 0 0 0 0 0 0 0 50 0 50 0 0 0 0 2 0 0 100 50 50 0 0 0 0 0 0 0 0 50  2
J8 9853 K (AKT752) C NS AKT752 9853-J8-K 6-4-2-1 0 0 0 0 0 0 0 0 50 50 0 0 0 0 0 1.5 0 0 100 50 50 0 0 0 0 0 0 0 0 50  2
K 9853 J8 (AKT752) C EW AKT752 9853-J8-K 6-4-2-1 0 0 0 0 0 0 0 0 0 100 0 0 0 0 0 2 0 0 100 50 50 0 0 0 0 0 0 0 0 50  2
K 9853 J8 (AKT752) C -- AKT752 9853-J8-K 6-4-2-1 0 0 0 0 0 0 0 0 0 100 0 0 0 0 0 2 0 0 100 50 50 0 0 0 0 0 0 0 0 50  2
K 9853 J8 (AKT752) C ++ AKT752 9853-J8-K 6-4-2-1 0 0 0 0 0 0 0 0 100 0 0 0 0 0 0 1 0 0 100 50 50 0 0 0 0 0 0 0 0 50  2
K 9853 J8 (AKT752) C NS AKT752 9853-J8-K 6-4-2-1 0 0 0 0 0 0 0 0 100 0 0 0 0 0 0 1 0 0 100 50 50 0 0 0 0 0 0 0 0 50  2
J8 K 9853 (AKT752) C EW AKT752 9853-J8-K 6-4-2-1 0 0 0 0 0 0 0 0 0 50 0 50 0 0 0 3 0 0 100 0 100 0 0 0 0 0 0 0 0 100  2
J8 K 9853 (AKT752) C -- AKT752 9853-J8-K 6-4-2-1 0 0 0 0 0 0 0 0 0 50 50 0 0 0 0 2.5 0 0 100 50 50 0 0 0 0 0 0 0 0 50  2
J8 K 9853 (AKT752) C ++ AKT752 9853-J8-K 6-4-2-1 0 0 0 0 0 0 0 0 50 0 50 0 0 0 0 2 0 0 100 50 50 0 0 0 0 0 0 0 0 50  2
J8 K 9853 (AKT752) C NS AKT752 9853-J8-K 6-4-2-1 0 0 0 0 0 0 0 0 50 50 0 0 0 0 0 1.5 0 0 100 50 50 0 0 0 0 0 0 0 0 50  2
K J8 9853 (AKT752) C EW AKT752 9853-J8-K 6-4-2-1 0 0 0 0 0 0 0 0 0 50 0 50 0 0 0 3 0 0 100 0 50 0 0 0 0 50 0 50 50 50  2
K J8 9853 (AKT752) C -- AKT752 9853-J8-K 6-4-2-1 0 0 0 0 0 0 0 0 0 50 50 0 0 0 0 2.5 0 0 100 50 50 0 0 0 0 0 0 0 0 50  2
K J8 9853 (AKT752) C ++ AKT752 9853-J8-K 6-4-2-1 0 0 0 0 0 0 0 0 50 0 50 0 0 0 0 2 0 0 100 50 50 0 0 0 0 0 0 0 0 50  2
K J8 9853 (AKT752) C NS AKT752 9853-J8-K 6-4-2-1 0 0 0 0 0 0 0 0 50 50 0 0 0 0 0 1.5 0 0 100 50 50 0 0 0 0 0 0 0 0 50  2
(AKT752) AK62 AQ5  S EW AKT752 AK62-AQ5- 6-4-3-0 50 0 0 0 0 0 0 0 0 0 0 0 50 0 0 5 50 0 50 0 0 0 0 50 50 0 0 100 0 50  2
(AKT752) AK62 AQ5  S -- AKT752 AK62-AQ5- 6-4-3-0 50 0 0 0 0 0 0 0 0 0 0 0 50 0 0 5 50 0 50 0 0 0 0 50 50 0 0 100 0 50  2
(AKT752) AK62 AQ5  S ++ AKT752 AK62-AQ5- 6-4-3-0 50 0 0 0 0 0 0 0 0 0 0 0 50 0 0 5 50 0 50 0 0 0 0 50 50 0 0 100 0 50  2
(AKT752) AK62 AQ5  S NS AKT752 AK62-AQ5- 6-4-3-0 50 0 0 0 0 0 0 0 0 0 0 0 50 0 0 5 50 0 50 0 0 0 0 50 50 0 0 100 0 50  2
(AKT752) AK62  AQ5 S EW AKT752 AK62-AQ5- 6-4-3-0 50 0 0 0 0 0 0 0 0 0 0 0 50 0 0 5 50 0 50 0 0 0 0 50 50 0 0 100 0 50  2
(AKT752) AK62  AQ5 S -- AKT752 AK62-AQ5- 6-4-3-0 50 0 0 0 0 0 0 0 0 0 0 0 50 0 0 5 50 0 50 0 0 0 0 50 50 0 0 100 0 50  2
(AKT752) AK62  AQ5 S ++ AKT752 AK62-AQ5- 6-4-3-0 50 0 0 0 0 0 0 0 0 0 0 0 50 0 0 5 50 0 50 0 0 0 0 50 50 0 0 100 0 50  2
(AKT752) AK62  AQ5 S NS AKT752 AK62-AQ5- 6-4-3-0 50 0 0 0 0 0 0 0 0 0 0 0 50 0 0 5 50 0 50 0 0 0 0 50 50 0 0 100 0 50  2
(AKT752) AQ5 AK62  S EW AKT752 AK62-AQ5- 6-4-3-0 50 0 0 0 0 0 0 0 0 0 0 0 50 0 0 5 50 0 50 0 0 0 0 50 50 0 0 100 0 50  2
(AKT752) AQ5 AK62  S -- AKT752 AK62-AQ5- 6-4-3-0 50 0 0 0 0 0 0 0 0 0 0 0 50 0 0 5 50 0 50 0 0 0 0 50 50 0 0 100 0 50  2
(AKT752) AQ5 AK62  S ++ AKT752 AK62-AQ5- 6-4-3-0 50 0 0 0 0 0 0 0 0 0 0 0 50 0 0 5 50 0 50 0 0 0 0 50 50 0 0 100 0 50  2
(AKT752) AQ5 AK62  S NS AKT752 AK62-AQ5- 6-4-3-0 50 0 0 0 0 0 0 0 0 0 0 0 50 0 0 5 50 0 50 0 0 0 0 50 50 0 0 100 0 50  2
(AKT752)  AK62 AQ5 S EW AKT752 AK62-AQ5- 6-4-3-0 50 0 0 0 0 0 0 0 0 0 0 0 50 0 0 5 50 0 50 0 0 0 0 50 50 0 0 100 0 50  2
(AKT752)  AK62 AQ5 S -- AKT752 AK62-AQ5- 6-4-3-0 50 0 0 0 0 0 0 0 0 0 0 0 50 0 0 5 50 0 50 0 0 0 0 50 50 0 0 100 0 50  2
(AKT752)  AK62 AQ5 S ++ AKT752 AK62-AQ5- 6-4-3-0 50 0 0 0 0 0 0 0 0 0 0 0 50 0 0 5 50 0 50 0 0 0 0 50 50 0 0 100 0 50  2
(AKT752)  AK62 AQ5 S NS AKT752 AK62-AQ5- 6-4-3-0 50 0 0 0 0 0 0 0 0 0 0 0 50 0 0 5 50 0 50 0 0 0 0 50 50 0 0 100 0 50  2
(AKT752) AQ5  AK62 S EW AKT752 AK62-AQ5- 6-4-3-0 50 0 0 0 0 0 0 0 0 0 0 0 50 0 0 5 50 0 50 0 0 0 0 50 50 0 0 100 0 50  2
(AKT752) AQ5  AK62 S -- AKT752 AK62-AQ5- 6-4-3-0 50 0 0 0 0 0 0 0 0 0 0 0 50 0 0 5 50 0 50 0 0 0 0 50 50 0 0 100 0 50  2
(AKT752) AQ5  AK62 S ++ AKT752 AK62-AQ5- 6-4-3-0 50 0 0 0 0 0 0 0 0 0 0 0 50 0 0 5 50 0 50 0 0 0 0 50 50 0 0 100 0 50  2
(AKT752) AQ5  AK62 S NS AKT752 AK62-AQ5- 6-4-3-0 50 0 0 0 0 0 0 0 0 0 0 0 50 0 0 5 50 0 50 0 0 0 0 50 50 0 0 100 0 50  2
(AKT752)  AQ5 AK62 S EW AKT752 AK62-AQ5- 6-4-3-0 50 0 0 0 0 0 0 0 0 0 0 0 50 0 0 5 50 0 50 0 0 0 0 50 50 0 0 100 0 50  2
(AKT752)  AQ5 AK62 S -- AKT752 AK62-AQ5- 6-4-3-0 50 0 0 0 0 0 0 0 0 0 0 0 50 0 0 5 50 0 50 0 0 0 0 50 50 0 0 100 0 50  2
(AKT752)  AQ5 AK62 S ++ AKT752 AK62-AQ5- 6-4-3-0 50 0 0 0 0 0 0 0 0 0 0 0 50 0 0 5 50 0 50 0 0 0 0 50 50 0 0 100 0 50  2
(AKT752)  AQ5 AK62 S NS AKT752 AK62-AQ5- 6-4-3-0 50 0 0 0 0 0 0 0 0 0 0 0 50 0 0 5 50 0 50 0 0 0 0 50 50 0 0 100 0 50  2
AK62 (AKT752) AQ5  H EW AKT752 AK62-AQ5- 6-4-3-0 50 0 0 0 0 0 0 0 0 0 0 0 50 0 0 5 50 0 50 0 0 0 0 50 50 0 0 100 0 50  2
AK62 (AKT752) AQ5  H -- AKT752 AK62-AQ5- 6-4-3-0 50 0 0 0 0 0 0 0 0 0 0 0 50 0 0 5 50 0 50 0 0 0 0 50 50 0 0 100 0 50  2
AK62 (AKT752) AQ5  H ++ AKT752 AK62-AQ5- 6-4-3-0 50 0 0 0 0 0 0 0 0 0 0 0 50 0 0 5 50 0 50 0 0 0 0 50 50 0 0 100 0 50  2
AK62 (AKT752) AQ5  H NS AKT752 AK62-AQ5- 6-4-3-0 50 0 0 0 0 0 0 0 0 0 0 0 50 0 0 5 50 0 50 0 0 0 0 50 50 0 0 100 0 50  2
AK62 (AKT752)  AQ5 H EW AKT752 AK62-AQ5- 6-4-3-0 50 0 0 0 0 0 0 0 0 0 0 0 50 0 0 5 50 0 50 0 0 0 0 50 50 0 0 100 0 50  2
AK62 (AKT752)  AQ5 H -- AKT752 AK62-AQ5- 6-4-3-0 50 0 0 0 0 0 0 0 0 0 0 0 50 0 0 5 50 0 50 0 0 0 0 50 50 0 0 100 0 50  2
AK62 (AKT752)  AQ5 H ++ AKT752 AK62-AQ5- 6-4-3-0 50 0 0 0 0 0 0 0 0 0 0 0 50 0 0 5 50 0 50 0 0 0 0 50 50 0 0 100 0 50  2
AK62 (AKT752)  AQ5 H NS AKT752 AK62-AQ5- 6-4-3-0 50 0 0 0 0 0 0 0 0 0 0 0 50 0 0 5 50 0 50 0 0 0 0 50 50 0 0 100 0 50  2
AQ5 (AKT752) AK62  H EW AKT752 AK62-AQ5- 6-4-3-0 50 0 0 0 0 0 0 0 0 0 0 0 50 0 0 5 50 0 50 0 0 0 0 50 50 0 0 100 0 50  2
AQ5 (AKT752) AK62  H -- AKT752 AK62-AQ5- 6-4-3-0 50 0 0 0 0 0 0 0 0 0 0 0 50 0 0 5 50 0 50 0 0 0 0 50 50 0 0 100 0 50  2
AQ5 (AKT752) AK62  H ++ AKT752 AK62-AQ5- 6-4-3-0 50 0 0 0 0 0 0 0 0 0 0 0 50 0 0 5 50 0 50 0 0 0 0 50 50 0 0 100 0 50  2
AQ5 (AKT752) AK62  H NS AKT752 AK62-AQ5- 6-4-3-0 50 0 0 0 0 0 0 0 0 0 0 0 50 0 0 5 50 0 50 0 0 0 0 50 50 0 0 100 0 50  2
 (AKT752) AK62 AQ5 H EW AKT752 AK62-AQ5- 6-4-3-0 50 0 0 0 0 0 0 0 0 0 0 0 50 0 0 5 50 0 50 0 0 0 0 50 50 0 0 100 0 50  2
 (AKT752) AK62 AQ5 H -- AKT752 AK62-AQ5- 6-4-3-0 50 0 0 0 0 0 0 0 0 0 0 0 50 0 0 5 50 0 50 0 0 0 0 50 50 0 0 100 0 50  2
 (AKT752) AK62 AQ5 H ++ AKT752 AK62-AQ5- 6-4-3-0 50 0 0 0 0 0 0 0 0 0 0 0 50 0 0 5 50 0 50 0 0 0 0 50 50 0 0 100 0 50  2
 (AKT752) AK62 AQ5 H NS AKT752 AK62-AQ5- 6-4-3-0 50 0 0 0 0 0 0 0 0 0 0 0 50 0 0 5 50 0 50 0 0 0 0 50 50 0 0 100 0 50  2
AQ5 (AKT752)  AK62 H EW AKT752 AK62-AQ5- 6-4-3-0 50 0 0 0 0 0 0 0 0 0 0 0 50 0 0 5 50 0 50 0 0 0 0 50 50 0 0 100 0 50  2
AQ5 (AKT752)  AK62 H -- AKT752 AK62-AQ5- 6-4-3-0 50 0 0 0 0 0 0 0 0 0 0 0 50 0 0 5 50 0 50 0 0 0 0 50 50 0 0 100 0 50  2
AQ5 (AKT752)  AK62 H ++ AKT752 AK62-AQ5- 6-4-3-0 50 0 0 0 0 0 0 0 0 0 0 0 50 0 0 5 50 0 50 0 0 0 0 50 50 0 0 100 0 50  2
AQ5 (AKT752)  AK62 H NS AKT752 AK62-AQ5- 6-4-3-0 50 0 0 0 0 0 0 0 0 0 0 0 50 0 0 5 50 0 50 0 0 0 0 50 50 0 0 100 0 50  2
 (AKT752) AQ5 AK62 H EW AKT752 AK62-AQ5- 6-4-3-0 50 0 0 0 0 0 0 0 0 0 0 0 50 0 0 5 50 0 50 0 0 0 0 50 50 0 0 100 0 50  2
 (AKT752) AQ5 AK62 H -- AKT752 AK62-AQ5- 6-4-3-0 50 0 0 0 0 0 0 0 0 0 0 0 50 0 0 5 50 0 50 0 0 0 0 50 50 0 0 100 0 50  2
 (AKT752) AQ5 AK62 H ++ AKT752 AK62-AQ5- 6-4-3-0 50 0 0 0 0 0 0 0 0 0 0 0 50 0 0 5 50 0 50 0 0 0 0 50 50 0 0 100 0 50  2
 (AKT752) AQ5 AK62 H NS AKT752 AK62-AQ5- 6-4-3-0 50 0 0 0 0 0 0 0 0 0 0 0 50 0 0 5 50 0 50 0 0 0 0 50 50 0 0 100 0 50  2
AK62 AQ5 (AKT752)  D EW AKT752 AK62-AQ5- 6-4-3-0 50 0 0 0 0 0 0 0 0 0 0 0 50 0 0 5 50 0 50 0 0 0 0 50 50 0 0 100 0 50  2
AK62 AQ5 (AKT752)  D -- AKT752 AK62-AQ5- 6-4-3-0 50 0 0 0 0 0 0 0 0 0 0 0 50 0 0 5 50 0 50 0 0 0 0 50 50 0 0 100 0 50  2
AK62 AQ5 (AKT752)  D ++ AKT752 AK62-AQ5- 6-4-3-0 50 0 0 0 0 0 0 0 0 0 0 0 50 0 0 5 50 0 50 0 0 0 0 50 50 0 0 100 0 50  2
AK62 AQ5 (AKT752)  D NS AKT752 AK62-AQ5- 6-4-3-0 50 0 0 0 0 0 0 0 0 0 0 0 50 0 0 5 50 0 50 0 0 0 0 50 50 0 0 100 0 50  2
AK62  (AKT752) AQ5 D EW AKT752 AK62-AQ5- 6-4-3-0 50 0 0 0 0 0 0 0 0 0 0 0 50 0 0 5 50 0 50 0 0 0 0 50 50 0 0 100 0 50  2
AK62  (AKT752) AQ5 D -- AKT752 AK62-AQ5- 6-4-3-0 50 0 0 0 0 0 0 0 0 0 0 0 50 0 0 5 50 0 50 0 0 0 0 50 50 0 0 100 0 50  2
AK62  (AKT752) AQ5 D ++ AKT752 AK62-AQ5- 6-4-3-0 50 0 0 0 0 0 0 0 0 0 0 0 50 0 0 5 50 0 50 0 0 0 0 50 50 0 0 100 0 50  2
AK62  (AKT752) AQ5 D NS AKT752 AK62-AQ5- 6-4-3-0 50 0 0 0 0 0 0 0 0 0 0 0 50 0 0 5 50 0 50 0 0 0 0 50 50 0 0 100 0 50  2
AQ5 AK62 (AKT752)  D EW AKT752 AK62-AQ5- 6-4-3-0 50 0 0 0 0 0 0 0 0 0 0 0 50 0 0 5 50 0 50 0 0 0 0 50 50 0 0 100 0 50  2
AQ5 AK62 (AKT752)  D -- AKT752 AK62-AQ5- 6-4-3-0 50 0 0 0 0 0 0 0 0 0 0 0 50 0 0 5 50 0 50 0 0 0 0 50 50 0 0 100 0 50  2
AQ5 AK62 (AKT752)  D ++ AKT752 AK62-AQ5- 6-4-3-0 50 0 0 0 0 0 0 0 0 0 0 0 50 0 0 5 50 0 50 0 0 0 0 50 50 0 0 100 0 50  2
AQ5 AK62 (AKT752)  D NS AKT752 AK62-AQ5- 6-4-3-0 50 0 0 0 0 0 0 0 0 0 0 0 50 0 0 5 50 0 50 0 0 0 0 50 50 0 0 100 0 50  2
 AK62 (AKT752) AQ5 D EW AKT752 AK62-AQ5- 6-4-3-0 50 0 0 0 0 0 0 0 0 0 0 0 50 0 0 5 50 0 50 0 0 0 0 50 50 0 0 100 0 50  2
 AK62 (AKT752) AQ5 D -- AKT752 AK62-AQ5- 6-4-3-0 50 0 0 0 0 0 0 0 0 0 0 0 50 0 0 5 50 0 50 0 0 0 0 50 50 0 0 100 0 50  2
 AK62 (AKT752) AQ5 D ++ AKT752 AK62-AQ5- 6-4-3-0 50 0 0 0 0 0 0 0 0 0 0 0 50 0 0 5 50 0 50 0 0 0 0 50 50 0 0 100 0 50  2
 AK62 (AKT752) AQ5 D NS AKT752 AK62-AQ5- 6-4-3-0 50 0 0 0 0 0 0 0 0 0 0 0 50 0 0 5 50 0 50 0 0 0 0 50 50 0 0 100 0 50  2
AQ5  (AKT752) AK62 D EW AKT752 AK62-AQ5- 6-4-3-0 50 0 0 0 0 0 0 0 0 0 0 0 50 0 0 5 50 0 50 0 0 0 0 50 50 0 0 100 0 50  2
AQ5  (AKT752) AK62 D -- AKT752 AK62-AQ5- 6-4-3-0 50 0 0 0 0 0 0 0 0 0 0 0 50 0 0 5 50 0 50 0 0 0 0 50 50 0 0 100 0 50  2
AQ5  (AKT752) AK62 D ++ AKT752 AK62-AQ5- 6-4-3-0 50 0 0 0 0 0 0 0 0 0 0 0 50 0 0 5 50 0 50 0 0 0 0 50 50 0 0 100 0 50  2
AQ5  (AKT752) AK62 D NS AKT752 AK62-AQ5- 6-4-3-0 50 0 0 0 0 0 0 0 0 0 0 0 50 0 0 5 50 0 50 0 0 0 0 50 50 0 0 100 0 50  2
 AQ5 (AKT752) AK62 D EW AKT752 AK62-AQ5- 6-4-3-0 50 0 0 0 0 0 0 0 0 0 0 0 50 0 0 5 50 0 50 0 0 0 0 50 50 0 0 100 0 50  2
 AQ5 (AKT752) AK62 D -- AKT752 AK62-AQ5- 6-4-3-0 50 0 0 0 0 0 0 0 0 0 0 0 50 0 0 5 50 0 50 0 0 0 0 50 50 0 0 100 0 50  2
 AQ5 (AKT752) AK62 D ++ AKT752 AK62-AQ5- 6-4-3-0 50 0 0 0 0 0 0 0 0 0 0 0 50 0 0 5 50 0 50 0 0 0 0 50 50 0 0 100 0 50  2
 AQ5 (AKT752) AK62 D NS AKT752 AK62-AQ5- 6-4-3-0 50 0 0 0 0 0 0 0 0 0 0 0 50 0 0 5 50 0 50 0 0 0 0 50 50 0 0 100 0 50  2
AK62 AQ5  (AKT752) C EW AKT752 AK62-AQ5- 6-4-3-0 50 0 0 0 0 0 0 0 0 0 0 0 50 0 0 5 50 0 50 0 0 0 0 50 50 0 0 100 0 50  2
AK62 AQ5  (AKT752) C -- AKT752 AK62-AQ5- 6-4-3-0 50 0 0 0 0 0 0 0 0 0 0 0 50 0 0 5 50 0 50 0 0 0 0 50 50 0 0 100 0 50  2
AK62 AQ5  (AKT752) C ++ AKT752 AK62-AQ5- 6-4-3-0 50 0 0 0 0 0 0 0 0 0 0 0 50 0 0 5 50 0 50 0 0 0 0 50 50 0 0 100 0 50  2
AK62 AQ5  (AKT752) C NS AKT752 AK62-AQ5- 6-4-3-0 50 0 0 0 0 0 0 0 0 0 0 0 50 0 0 5 50 0 50 0 0 0 0 50 50 0 0 100 0 50  2
AK62  AQ5 (AKT752) C EW AKT752 AK62-AQ5- 6-4-3-0 50 0 0 0 0 0 0 0 0 0 0 0 50 0 0 5 50 0 50 0 0 0 0 50 50 0 0 100 0 50  2
AK62  AQ5 (AKT752) C -- AKT752 AK62-AQ5- 6-4-3-0 50 0 0 0 0 0 0 0 0 0 0 0 50 0 0 5 50 0 50 0 0 0 0 50 50 0 0 100 0 50  2
AK62  AQ5 (AKT752) C ++ AKT752 AK62-AQ5- 6-4-3-0 50 0 0 0 0 0 0 0 0 0 0 0 50 0 0 5 50 0 50 0 0 0 0 50 50 0 0 100 0 50  2
AK62  AQ5 (AKT752) C NS AKT752 AK62-AQ5- 6-4-3-0 50 0 0 0 0 0 0 0 0 0 0 0 50 0 0 5 50 0 50 0 0 0 0 50 50 0 0 100 0 50  2
AQ5 AK62  (AKT752) C EW AKT752 AK62-AQ5- 6-4-3-0 50 0 0 0 0 0 0 0 0 0 0 0 50 0 0 5 50 0 50 0 0 0 0 50 50 0 0 100 0 50  2
AQ5 AK62  (AKT752) C -- AKT752 AK62-AQ5- 6-4-3-0 50 0 0 0 0 0 0 0 0 0 0 0 50 0 0 5 50 0 50 0 0 0 0 50 50 0 0 100 0 50  2
AQ5 AK62  (AKT752) C ++ AKT752 AK62-AQ5- 6-4-3-0 50 0 0 0 0 0 0 0 0 0 0 0 50 0 0 5 50 0 50 0 0 0 0 50 50 0 0 100 0 50  2
AQ5 AK62  (AKT752) C NS AKT752 AK62-AQ5- 6-4-3-0 50 0 0 0 0 0 0 0 0 0 0 0 50 0 0 5 50 0 50 0 0 0 0 50 50 0 0 100 0 50  2
 AK62 AQ5 (AKT752) C EW AKT752 AK62-AQ5- 6-4-3-0 50 0 0 0 0 0 0 0 0 0 0 0 50 0 0 5 50 0 50 0 0 0 0 50 50 0 0 100 0 50  2
 AK62 AQ5 (AKT752) C -- AKT752 AK62-AQ5- 6-4-3-0 50 0 0 0 0 0 0 0 0 0 0 0 50 0 0 5 50 0 50 0 0 0 0 50 50 0 0 100 0 50  2
 AK62 AQ5 (AKT752) C ++ AKT752 AK62-AQ5- 6-4-3-0 50 0 0 0 0 0 0 0 0 0 0 0 50 0 0 5 50 0 50 0 0 0 0 50 50 0 0 100 0 50  2
 AK62 AQ5 (AKT752) C NS AKT752 AK62-AQ5- 6-4-3-0 50 0 0 0 0 0 0 0 0 0 0 0 50 0 0 5 50 0 50 0 0 0 0 50 50 0 0 100 0 50  2
AQ5  AK62 (AKT752) C EW AKT752 AK62-AQ5- 6-4-3-0 50 0 0 0 0 0 0 0 0 0 0 0 50 0 0 5 50 0 50 0 0 0 0 50 50 0 0 100 0 50  2
AQ5  AK62 (AKT752) C -- AKT752 AK62-AQ5- 6-4-3-0 50 0 0 0 0 0 0 0 0 0 0 0 50 0 0 5 50 0 50 0 0 0 0 50 50 0 0 100 0 50  2
AQ5  AK62 (AKT752) C ++ AKT752 AK62-AQ5- 6-4-3-0 50 0 0 0 0 0 0 0 0 0 0 0 50 0 0 5 50 0 50 0 0 0 0 50 50 0 0 100 0 50  2
AQ5  AK62 (AKT752) C NS AKT752 AK62-AQ5- 6-4-3-0 50 0 0 0 0 0 0 0 0 0 0 0 50 0 0 5 50 0 50 0 0 0 0 50 50 0 0 100 0 50  2
 AQ5 AK62 (AKT752) C EW AKT752 AK62-AQ5- 6-4-3-0 50 0 0 0 0 0 0 0 0 0 0 0 50 0 0 5 50 0 50 0 0 0 0 50 50 0 0 100 0 50  2
 AQ5 AK62 (AKT752) C -- AKT752 AK62-AQ5- 6-4-3-0 50 0 0 0 0 0 0 0 0 0 0 0 50 0 0 5 50 0 50 0 0 0 0 50 50 0 0 100 0 50  2
 AQ5 AK62 (AKT752) C ++ AKT752 AK62-AQ5- 6-4-3-0 50 0 0 0 0 0 0 0 0 0 0 0 50 0 0 5 50 0 50 0 0 0 0 50 50 0 0 100 0 50  2
 AQ5 AK62 (AKT752) C NS AKT752 AK62-AQ5- 6-4-3-0 50 0 0 0 0 0 0 0 0 0 0 0 50 0 0 5 50 0 50 0 0 0 0 50 50 0 0 100 0 50  2
