S H D C Bid Vul Combo OtherCombo HandPattern NO -6 -5 -4 -3 -2 -1 0 1 2 3 4 5 6 7 avg ParPos ParNeg noPar b000 b001 b010 b011 b100 b101 b110 b111 b1xx bx1x bxx1  Cnt
(JT9542) AQ64 J5 4 S EW JT9542 AQ64-J5-4 6-4-2-1 20 0 0 0 0 0 0 0 0 10 50 20 0 0 0 3.12 70 0 30 0 10 20 0 0 70 0 0 70 20 80  10
(JT9542) AQ64 J5 4 S -- JT9542 AQ64-J5-4 6-4-2-1 10 0 0 0 0 0 0 0 0 20 60 10 0 0 0 2.89 60 0 40 0 10 20 10 0 60 0 0 60 30 80  10
(JT9542) AQ64 J5 4 S ++ JT9542 AQ64-J5-4 6-4-2-1 20 0 0 0 0 0 0 0 0 10 60 10 0 0 0 3 70 0 30 0 10 20 0 0 70 0 0 70 20 80  10
(JT9542) AQ64 J5 4 S NS JT9542 AQ64-J5-4 6-4-2-1 10 0 0 0 0 0 0 0 0 30 50 10 0 0 0 2.78 60 0 40 10 0 20 10 0 60 0 0 60 30 70  10
(JT9542) AQ64 4 J5 S EW JT9542 AQ64-J5-4 6-4-2-1 20 0 0 0 0 0 0 0 0 10 50 20 0 0 0 3.12 70 0 30 0 10 20 0 0 70 0 0 70 20 80  10
(JT9542) AQ64 4 J5 S -- JT9542 AQ64-J5-4 6-4-2-1 10 0 0 0 0 0 0 0 0 20 60 10 0 0 0 2.89 60 0 40 0 10 20 10 0 60 0 0 60 30 80  10
(JT9542) AQ64 4 J5 S ++ JT9542 AQ64-J5-4 6-4-2-1 20 0 0 0 0 0 0 0 0 10 60 10 0 0 0 3 70 0 30 0 10 20 0 0 70 0 0 70 20 80  10
(JT9542) AQ64 4 J5 S NS JT9542 AQ64-J5-4 6-4-2-1 10 0 0 0 0 0 0 0 0 30 50 10 0 0 0 2.78 60 0 40 10 0 20 10 0 60 0 0 60 30 70  10
(JT9542) J5 AQ64 4 S EW JT9542 AQ64-J5-4 6-4-2-1 10 0 0 0 0 0 0 0 0 10 60 20 0 0 0 3.11 70 0 30 0 10 0 0 10 70 10 0 90 10 80  10
(JT9542) J5 AQ64 4 S -- JT9542 AQ64-J5-4 6-4-2-1 10 0 0 0 0 0 0 0 0 10 70 10 0 0 0 3 60 0 40 0 10 10 10 0 60 10 0 70 30 80  10
(JT9542) J5 AQ64 4 S ++ JT9542 AQ64-J5-4 6-4-2-1 10 0 0 0 0 0 0 0 0 10 70 10 0 0 0 3 70 0 30 0 10 0 0 10 70 10 0 90 10 80  10
(JT9542) J5 AQ64 4 S NS JT9542 AQ64-J5-4 6-4-2-1 10 0 0 0 0 0 0 0 0 20 60 10 0 0 0 2.89 60 0 40 10 0 10 10 0 60 10 0 70 30 70  10
(JT9542) 4 AQ64 J5 S EW JT9542 AQ64-J5-4 6-4-2-1 10 0 0 0 0 0 0 0 0 20 50 20 0 0 0 3 70 0 30 0 10 0 0 10 70 10 0 90 10 80  10
(JT9542) 4 AQ64 J5 S -- JT9542 AQ64-J5-4 6-4-2-1 0 0 0 0 0 0 0 0 0 30 60 10 0 0 0 2.8 60 0 40 0 10 10 10 0 60 10 0 70 30 80  10
(JT9542) 4 AQ64 J5 S ++ JT9542 AQ64-J5-4 6-4-2-1 10 0 0 0 0 0 0 0 0 20 60 10 0 0 0 2.89 70 0 30 0 10 0 0 10 70 10 0 90 10 80  10
(JT9542) 4 AQ64 J5 S NS JT9542 AQ64-J5-4 6-4-2-1 0 0 0 0 0 0 0 0 0 40 50 10 0 0 0 2.7 60 0 40 10 0 10 10 0 60 10 0 70 30 70  10
(JT9542) J5 4 AQ64 S EW JT9542 AQ64-J5-4 6-4-2-1 0 0 0 0 0 0 0 0 0 20 60 20 0 0 0 3 70 0 30 0 10 0 0 0 70 20 0 90 20 80  10
(JT9542) J5 4 AQ64 S -- JT9542 AQ64-J5-4 6-4-2-1 0 0 0 0 0 0 0 0 0 20 70 10 0 0 0 2.9 60 0 40 0 10 0 10 0 60 20 0 80 30 80  10
(JT9542) J5 4 AQ64 S ++ JT9542 AQ64-J5-4 6-4-2-1 0 0 0 0 0 0 0 0 10 10 70 10 0 0 0 2.8 70 0 30 10 10 0 0 0 70 10 0 80 10 80  10
(JT9542) J5 4 AQ64 S NS JT9542 AQ64-J5-4 6-4-2-1 0 0 0 0 0 0 0 0 10 20 60 10 0 0 0 2.7 60 0 40 20 0 0 10 0 60 10 0 70 20 70  10
(JT9542) 4 J5 AQ64 S EW JT9542 AQ64-J5-4 6-4-2-1 0 0 0 0 0 0 0 0 0 20 60 20 0 0 0 3 70 0 30 0 10 0 0 0 70 20 0 90 20 80  10
(JT9542) 4 J5 AQ64 S -- JT9542 AQ64-J5-4 6-4-2-1 0 0 0 0 0 0 0 0 0 20 70 10 0 0 0 2.9 60 0 40 0 10 0 10 0 60 20 0 80 30 80  10
(JT9542) 4 J5 AQ64 S ++ JT9542 AQ64-J5-4 6-4-2-1 0 0 0 0 0 0 0 0 0 30 60 10 0 0 0 2.8 70 0 30 10 10 0 0 0 70 10 0 80 10 80  10
(JT9542) 4 J5 AQ64 S NS JT9542 AQ64-J5-4 6-4-2-1 0 0 0 0 0 0 0 0 0 40 50 10 0 0 0 2.7 60 0 40 20 0 0 10 0 60 10 0 70 20 70  10
AQ64 (JT9542) J5 4 H EW JT9542 AQ64-J5-4 6-4-2-1 20 0 0 0 0 0 0 0 0 10 50 20 0 0 0 3.12 70 0 30 0 10 20 0 0 70 0 0 70 20 80  10
AQ64 (JT9542) J5 4 H -- JT9542 AQ64-J5-4 6-4-2-1 10 0 0 0 0 0 0 0 0 20 60 10 0 0 0 2.89 50 0 50 0 10 20 20 0 50 0 0 50 40 80  10
AQ64 (JT9542) J5 4 H ++ JT9542 AQ64-J5-4 6-4-2-1 20 0 0 0 0 0 0 0 0 10 60 10 0 0 0 3 70 0 30 0 10 20 0 0 70 0 0 70 20 80  10
AQ64 (JT9542) J5 4 H NS JT9542 AQ64-J5-4 6-4-2-1 10 0 0 0 0 0 0 0 0 30 50 10 0 0 0 2.78 50 0 50 10 0 20 20 0 50 0 0 50 40 70  10
AQ64 (JT9542) 4 J5 H EW JT9542 AQ64-J5-4 6-4-2-1 20 0 0 0 0 0 0 0 0 10 50 20 0 0 0 3.12 70 0 30 0 10 20 0 0 70 0 0 70 20 80  10
AQ64 (JT9542) 4 J5 H -- JT9542 AQ64-J5-4 6-4-2-1 10 0 0 0 0 0 0 0 0 20 60 10 0 0 0 2.89 50 0 50 0 10 20 20 0 50 0 0 50 40 80  10
AQ64 (JT9542) 4 J5 H ++ JT9542 AQ64-J5-4 6-4-2-1 20 0 0 0 0 0 0 0 0 10 60 10 0 0 0 3 70 0 30 0 10 20 0 0 70 0 0 70 20 80  10
AQ64 (JT9542) 4 J5 H NS JT9542 AQ64-J5-4 6-4-2-1 10 0 0 0 0 0 0 0 0 30 50 10 0 0 0 2.78 50 0 50 10 0 20 20 0 50 0 0 50 40 70  10
J5 (JT9542) AQ64 4 H EW JT9542 AQ64-J5-4 6-4-2-1 10 0 0 0 0 0 0 0 0 10 60 20 0 0 0 3.11 70 0 30 0 10 0 0 10 70 10 0 90 10 80  10
J5 (JT9542) AQ64 4 H -- JT9542 AQ64-J5-4 6-4-2-1 10 0 0 0 0 0 0 0 0 10 70 10 0 0 0 3 50 0 50 0 10 10 20 0 50 10 0 60 40 80  10
J5 (JT9542) AQ64 4 H ++ JT9542 AQ64-J5-4 6-4-2-1 10 0 0 0 0 0 0 0 0 10 70 10 0 0 0 3 70 0 30 0 10 0 0 10 70 10 0 90 10 80  10
J5 (JT9542) AQ64 4 H NS JT9542 AQ64-J5-4 6-4-2-1 10 0 0 0 0 0 0 0 0 20 60 10 0 0 0 2.89 50 0 50 10 0 10 20 0 50 10 0 60 40 70  10
4 (JT9542) AQ64 J5 H EW JT9542 AQ64-J5-4 6-4-2-1 10 0 0 0 0 0 0 0 0 20 40 30 0 0 0 3.11 60 10 30 0 10 0 0 10 60 10 10 90 20 80  10
4 (JT9542) AQ64 J5 H -- JT9542 AQ64-J5-4 6-4-2-1 0 0 0 0 0 0 0 0 0 30 50 20 0 0 0 2.9 40 10 50 0 10 10 20 0 40 10 10 60 50 80  10
4 (JT9542) AQ64 J5 H ++ JT9542 AQ64-J5-4 6-4-2-1 10 0 0 0 0 0 0 0 0 20 60 10 0 0 0 2.89 60 0 40 0 20 0 0 10 60 10 0 80 10 80  10
4 (JT9542) AQ64 J5 H NS JT9542 AQ64-J5-4 6-4-2-1 0 0 0 0 0 0 0 0 0 40 50 10 0 0 0 2.7 40 0 60 10 10 10 20 0 40 10 0 50 40 70  10
J5 (JT9542) 4 AQ64 H EW JT9542 AQ64-J5-4 6-4-2-1 0 0 0 0 0 0 0 0 0 20 60 20 0 0 0 3 70 0 30 0 10 0 0 0 70 20 0 90 20 80  10
J5 (JT9542) 4 AQ64 H -- JT9542 AQ64-J5-4 6-4-2-1 0 0 0 0 0 0 0 0 0 20 70 10 0 0 0 2.9 50 0 50 0 10 0 20 0 50 20 0 70 40 80  10
J5 (JT9542) 4 AQ64 H ++ JT9542 AQ64-J5-4 6-4-2-1 0 0 0 0 0 0 0 0 10 10 70 10 0 0 0 2.8 70 0 30 10 10 0 0 0 70 10 0 80 10 80  10
J5 (JT9542) 4 AQ64 H NS JT9542 AQ64-J5-4 6-4-2-1 0 0 0 0 0 0 0 0 10 20 60 10 0 0 0 2.7 50 0 50 20 0 0 20 0 50 10 0 60 30 70  10
4 (JT9542) J5 AQ64 H EW JT9542 AQ64-J5-4 6-4-2-1 0 0 0 0 0 0 0 0 0 20 50 30 0 0 0 3.1 60 10 30 0 10 0 0 0 60 20 10 90 30 80  10
4 (JT9542) J5 AQ64 H -- JT9542 AQ64-J5-4 6-4-2-1 0 0 0 0 0 0 0 0 0 20 60 20 0 0 0 3 40 10 50 0 10 0 20 0 40 20 10 70 50 80  10
4 (JT9542) J5 AQ64 H ++ JT9542 AQ64-J5-4 6-4-2-1 0 0 0 0 0 0 0 0 0 30 60 10 0 0 0 2.8 60 0 40 10 20 0 0 0 60 10 0 70 10 80  10
4 (JT9542) J5 AQ64 H NS JT9542 AQ64-J5-4 6-4-2-1 0 0 0 0 0 0 0 0 0 40 50 10 0 0 0 2.7 40 0 60 20 10 0 20 0 40 10 0 50 30 70  10
AQ64 J5 (JT9542) 4 D EW JT9542 AQ64-J5-4 6-4-2-1 50 0 0 0 0 0 0 0 0 0 40 10 0 0 0 3.2 40 0 60 0 10 20 0 30 40 0 0 70 20 50  10
AQ64 J5 (JT9542) 4 D -- JT9542 AQ64-J5-4 6-4-2-1 50 0 0 0 0 0 0 0 0 0 50 0 0 0 0 3 10 0 90 0 10 20 30 30 10 0 0 40 50 50  10
AQ64 J5 (JT9542) 4 D ++ JT9542 AQ64-J5-4 6-4-2-1 50 0 0 0 0 0 0 0 0 0 50 0 0 0 0 3 40 0 60 0 10 20 0 30 40 0 0 70 20 50  10
AQ64 J5 (JT9542) 4 D NS JT9542 AQ64-J5-4 6-4-2-1 50 0 0 0 0 0 0 0 0 10 40 0 0 0 0 2.8 10 0 90 10 0 20 30 30 10 0 0 40 50 40  10
AQ64 4 (JT9542) J5 D EW JT9542 AQ64-J5-4 6-4-2-1 50 0 0 0 0 0 0 0 0 0 30 20 0 0 0 3.4 30 10 60 0 10 20 0 30 30 0 10 70 30 50  10
AQ64 4 (JT9542) J5 D -- JT9542 AQ64-J5-4 6-4-2-1 50 0 0 0 0 0 0 0 0 0 40 10 0 0 0 3.2 10 10 80 0 10 20 20 30 10 0 10 50 50 50  10
AQ64 4 (JT9542) J5 D ++ JT9542 AQ64-J5-4 6-4-2-1 50 0 0 0 0 0 0 0 0 0 50 0 0 0 0 3 30 0 70 0 20 20 0 30 30 0 0 60 20 50  10
AQ64 4 (JT9542) J5 D NS JT9542 AQ64-J5-4 6-4-2-1 50 0 0 0 0 0 0 0 0 10 40 0 0 0 0 2.8 10 0 90 10 10 20 20 30 10 0 0 40 40 40  10
J5 AQ64 (JT9542) 4 D EW JT9542 AQ64-J5-4 6-4-2-1 40 0 0 0 0 0 0 0 0 0 50 10 0 0 0 3.17 40 0 60 0 10 10 0 30 40 10 0 80 20 50  10
J5 AQ64 (JT9542) 4 D -- JT9542 AQ64-J5-4 6-4-2-1 40 0 0 0 0 0 0 0 0 0 60 0 0 0 0 3 10 0 90 0 10 10 30 30 10 10 0 50 50 50  10
J5 AQ64 (JT9542) 4 D ++ JT9542 AQ64-J5-4 6-4-2-1 40 0 0 0 0 0 0 0 0 0 60 0 0 0 0 3 40 0 60 0 10 10 0 30 40 10 0 80 20 50  10
J5 AQ64 (JT9542) 4 D NS JT9542 AQ64-J5-4 6-4-2-1 40 0 0 0 0 0 0 0 0 10 50 0 0 0 0 2.83 10 0 90 10 0 10 30 30 10 10 0 50 50 40  10
4 AQ64 (JT9542) J5 D EW JT9542 AQ64-J5-4 6-4-2-1 40 0 0 0 0 0 0 0 0 10 30 20 0 0 0 3.17 30 10 60 0 10 10 0 30 30 10 10 80 30 50  10
4 AQ64 (JT9542) J5 D -- JT9542 AQ64-J5-4 6-4-2-1 40 0 0 0 0 0 0 0 0 10 40 10 0 0 0 3 10 10 80 0 10 20 20 20 10 10 10 50 60 50  10
4 AQ64 (JT9542) J5 D ++ JT9542 AQ64-J5-4 6-4-2-1 40 0 0 0 0 0 0 0 0 10 50 0 0 0 0 2.83 30 0 70 0 20 10 0 30 30 10 0 70 20 50  10
4 AQ64 (JT9542) J5 D NS JT9542 AQ64-J5-4 6-4-2-1 40 0 0 0 0 0 0 0 0 20 40 0 0 0 0 2.67 10 0 90 10 10 20 20 20 10 10 0 40 50 40  10
J5 4 (JT9542) AQ64 D EW JT9542 AQ64-J5-4 6-4-2-1 20 0 0 0 0 0 0 0 0 10 50 20 0 0 0 3.12 40 10 50 0 10 0 0 20 40 20 10 90 30 60  10
J5 4 (JT9542) AQ64 D -- JT9542 AQ64-J5-4 6-4-2-1 20 0 0 0 0 0 0 0 0 10 60 10 0 0 0 3 30 10 60 0 10 0 10 20 30 20 10 80 40 60  10
J5 4 (JT9542) AQ64 D ++ JT9542 AQ64-J5-4 6-4-2-1 20 0 0 0 0 0 0 0 0 10 70 0 0 0 0 2.88 40 0 60 0 20 0 0 20 40 20 0 80 20 60  10
J5 4 (JT9542) AQ64 D NS JT9542 AQ64-J5-4 6-4-2-1 20 0 0 0 0 0 0 0 0 20 60 0 0 0 0 2.75 30 0 70 10 10 0 10 20 30 20 0 70 30 50  10
4 J5 (JT9542) AQ64 D EW JT9542 AQ64-J5-4 6-4-2-1 20 0 0 0 0 0 0 0 0 10 50 20 0 0 0 3.12 40 10 50 0 10 0 0 20 40 20 10 90 30 60  10
4 J5 (JT9542) AQ64 D -- JT9542 AQ64-J5-4 6-4-2-1 20 0 0 0 0 0 0 0 0 10 60 10 0 0 0 3 30 10 60 0 10 10 10 10 30 20 10 70 50 60  10
4 J5 (JT9542) AQ64 D ++ JT9542 AQ64-J5-4 6-4-2-1 20 0 0 0 0 0 0 0 0 10 70 0 0 0 0 2.88 40 0 60 0 20 0 0 20 40 20 0 80 20 60  10
4 J5 (JT9542) AQ64 D NS JT9542 AQ64-J5-4 6-4-2-1 20 0 0 0 0 0 0 0 0 20 60 0 0 0 0 2.75 30 0 70 10 10 10 10 10 30 20 0 60 40 50  10
AQ64 J5 4 (JT9542) C EW JT9542 AQ64-J5-4 6-4-2-1 50 0 0 0 0 0 0 0 0 0 30 20 0 0 0 3.4 30 10 60 0 10 20 0 30 30 0 10 70 30 50  10
AQ64 J5 4 (JT9542) C -- JT9542 AQ64-J5-4 6-4-2-1 50 0 0 0 0 0 0 0 0 0 40 10 0 0 0 3.2 10 10 80 0 10 20 20 30 10 0 10 50 50 50  10
AQ64 J5 4 (JT9542) C ++ JT9542 AQ64-J5-4 6-4-2-1 50 0 0 0 0 0 0 0 0 0 50 0 0 0 0 3 30 0 70 0 20 20 0 30 30 0 0 60 20 50  10
AQ64 J5 4 (JT9542) C NS JT9542 AQ64-J5-4 6-4-2-1 50 0 0 0 0 0 0 0 0 10 40 0 0 0 0 2.8 10 0 90 10 10 20 20 30 10 0 0 40 40 40  10
AQ64 4 J5 (JT9542) C EW JT9542 AQ64-J5-4 6-4-2-1 50 0 0 0 0 0 0 0 0 0 30 20 0 0 0 3.4 30 10 60 0 10 20 0 30 30 0 10 70 30 50  10
AQ64 4 J5 (JT9542) C -- JT9542 AQ64-J5-4 6-4-2-1 50 0 0 0 0 0 0 0 0 0 40 10 0 0 0 3.2 10 10 80 0 10 20 20 30 10 0 10 50 50 50  10
AQ64 4 J5 (JT9542) C ++ JT9542 AQ64-J5-4 6-4-2-1 50 0 0 0 0 0 0 0 0 0 50 0 0 0 0 3 30 0 70 0 20 20 0 30 30 0 0 60 20 50  10
AQ64 4 J5 (JT9542) C NS JT9542 AQ64-J5-4 6-4-2-1 50 0 0 0 0 0 0 0 0 10 40 0 0 0 0 2.8 10 0 90 10 10 20 20 30 10 0 0 40 40 40  10
J5 AQ64 4 (JT9542) C EW JT9542 AQ64-J5-4 6-4-2-1 40 0 0 0 0 0 0 0 0 0 40 20 0 0 0 3.33 30 10 60 0 10 10 0 30 30 10 10 80 30 50  10
J5 AQ64 4 (JT9542) C -- JT9542 AQ64-J5-4 6-4-2-1 40 0 0 0 0 0 0 0 0 0 50 10 0 0 0 3.17 10 10 80 0 10 10 20 30 10 10 10 60 50 50  10
J5 AQ64 4 (JT9542) C ++ JT9542 AQ64-J5-4 6-4-2-1 40 0 0 0 0 0 0 0 0 0 60 0 0 0 0 3 30 0 70 0 20 10 0 30 30 10 0 70 20 50  10
J5 AQ64 4 (JT9542) C NS JT9542 AQ64-J5-4 6-4-2-1 40 0 0 0 0 0 0 0 0 10 50 0 0 0 0 2.83 10 0 90 10 10 10 20 30 10 10 0 50 40 40  10
4 AQ64 J5 (JT9542) C EW JT9542 AQ64-J5-4 6-4-2-1 40 0 0 0 0 0 0 0 0 10 30 20 0 0 0 3.17 30 10 60 0 10 10 0 30 30 10 10 80 30 50  10
4 AQ64 J5 (JT9542) C -- JT9542 AQ64-J5-4 6-4-2-1 40 0 0 0 0 0 0 0 0 10 40 10 0 0 0 3 10 10 80 0 10 20 20 20 10 10 10 50 60 50  10
4 AQ64 J5 (JT9542) C ++ JT9542 AQ64-J5-4 6-4-2-1 40 0 0 0 0 0 0 0 0 10 50 0 0 0 0 2.83 30 0 70 0 20 10 0 30 30 10 0 70 20 50  10
4 AQ64 J5 (JT9542) C NS JT9542 AQ64-J5-4 6-4-2-1 40 0 0 0 0 0 0 0 0 20 40 0 0 0 0 2.67 10 0 90 10 10 20 20 20 10 10 0 40 50 40  10
J5 4 AQ64 (JT9542) C EW JT9542 AQ64-J5-4 6-4-2-1 20 0 0 0 0 0 0 0 0 10 50 20 0 0 0 3.12 40 10 50 0 10 0 0 20 40 20 10 90 30 60  10
J5 4 AQ64 (JT9542) C -- JT9542 AQ64-J5-4 6-4-2-1 20 0 0 0 0 0 0 0 0 10 60 10 0 0 0 3 20 10 70 0 10 0 20 20 20 20 10 70 50 60  10
J5 4 AQ64 (JT9542) C ++ JT9542 AQ64-J5-4 6-4-2-1 20 0 0 0 0 0 0 0 0 10 70 0 0 0 0 2.88 40 0 60 0 20 0 0 20 40 20 0 80 20 60  10
J5 4 AQ64 (JT9542) C NS JT9542 AQ64-J5-4 6-4-2-1 20 0 0 0 0 0 0 0 0 20 60 0 0 0 0 2.75 20 0 80 10 10 0 20 20 20 20 0 60 40 50  10
4 J5 AQ64 (JT9542) C EW JT9542 AQ64-J5-4 6-4-2-1 20 0 0 0 0 0 0 0 0 10 50 20 0 0 0 3.12 40 10 50 0 10 0 0 20 40 20 10 90 30 60  10
4 J5 AQ64 (JT9542) C -- JT9542 AQ64-J5-4 6-4-2-1 20 0 0 0 0 0 0 0 0 10 60 10 0 0 0 3 20 10 70 0 10 10 20 10 20 20 10 60 60 60  10
4 J5 AQ64 (JT9542) C ++ JT9542 AQ64-J5-4 6-4-2-1 20 0 0 0 0 0 0 0 0 10 70 0 0 0 0 2.88 40 0 60 0 20 0 0 20 40 20 0 80 20 60  10
4 J5 AQ64 (JT9542) C NS JT9542 AQ64-J5-4 6-4-2-1 20 0 0 0 0 0 0 0 0 20 60 0 0 0 0 2.75 20 0 80 10 10 10 20 10 20 20 0 50 50 50  10
