S H D C Bid Vul Combo OtherCombo HandPattern NO -6 -5 -4 -3 -2 -1 0 1 2 3 4 5 6 7 avg ParPos ParNeg noPar b000 b001 b010 b011 b100 b101 b110 b111 b1xx bx1x bxx1  Cnt
(KJ7542) QJ62 K3 2 S EW KJ7542 QJ62-K3-2 6-4-2-1 50 0 0 0 0 0 0 0 50 0 0 0 0 0 0 1 0 0 100 50 0 0 0 50 0 0 0 50 0 0  2
(KJ7542) QJ62 K3 2 S -- KJ7542 QJ62-K3-2 6-4-2-1 50 0 0 0 0 0 0 0 50 0 0 0 0 0 0 1 0 0 100 50 0 0 0 50 0 0 0 50 0 0  2
(KJ7542) QJ62 K3 2 S ++ KJ7542 QJ62-K3-2 6-4-2-1 100 0 0 0 0 0 0 0 0 0 0 0 0 0 0 0 0 0 100 50 0 0 0 50 0 0 0 50 0 0  2
(KJ7542) QJ62 K3 2 S NS KJ7542 QJ62-K3-2 6-4-2-1 100 0 0 0 0 0 0 0 0 0 0 0 0 0 0 0 0 0 100 50 0 50 0 0 0 0 0 0 50 0  2
(KJ7542) QJ62 2 K3 S EW KJ7542 QJ62-K3-2 6-4-2-1 50 0 0 0 0 0 0 0 50 0 0 0 0 0 0 1 0 0 100 50 0 0 0 50 0 0 0 50 0 0  2
(KJ7542) QJ62 2 K3 S -- KJ7542 QJ62-K3-2 6-4-2-1 50 0 0 0 0 0 0 0 50 0 0 0 0 0 0 1 0 0 100 50 0 0 0 50 0 0 0 50 0 0  2
(KJ7542) QJ62 2 K3 S ++ KJ7542 QJ62-K3-2 6-4-2-1 100 0 0 0 0 0 0 0 0 0 0 0 0 0 0 0 0 0 100 50 0 0 0 50 0 0 0 50 0 0  2
(KJ7542) QJ62 2 K3 S NS KJ7542 QJ62-K3-2 6-4-2-1 100 0 0 0 0 0 0 0 0 0 0 0 0 0 0 0 0 0 100 50 0 50 0 0 0 0 0 0 50 0  2
(KJ7542) K3 QJ62 2 S EW KJ7542 QJ62-K3-2 6-4-2-1 0 0 0 0 0 0 0 0 50 0 50 0 0 0 0 2 50 0 50 50 0 0 0 0 50 0 0 50 0 50  2
(KJ7542) K3 QJ62 2 S -- KJ7542 QJ62-K3-2 6-4-2-1 0 0 0 0 0 0 0 0 50 0 50 0 0 0 0 2 50 0 50 50 0 0 0 0 50 0 0 50 0 50  2
(KJ7542) K3 QJ62 2 S ++ KJ7542 QJ62-K3-2 6-4-2-1 50 0 0 0 0 0 0 0 0 0 50 0 0 0 0 3 50 0 50 50 0 0 0 0 50 0 0 50 0 50  2
(KJ7542) K3 QJ62 2 S NS KJ7542 QJ62-K3-2 6-4-2-1 50 0 0 0 0 0 0 0 0 0 50 0 0 0 0 3 50 0 50 50 0 0 0 0 50 0 0 50 0 50  2
(KJ7542) 2 QJ62 K3 S EW KJ7542 QJ62-K3-2 6-4-2-1 0 0 0 0 0 0 0 0 50 0 50 0 0 0 0 2 50 0 50 50 0 0 0 0 50 0 0 50 0 50  2
(KJ7542) 2 QJ62 K3 S -- KJ7542 QJ62-K3-2 6-4-2-1 0 0 0 0 0 0 0 0 50 0 50 0 0 0 0 2 50 0 50 50 0 0 0 0 50 0 0 50 0 50  2
(KJ7542) 2 QJ62 K3 S ++ KJ7542 QJ62-K3-2 6-4-2-1 50 0 0 0 0 0 0 0 0 0 50 0 0 0 0 3 50 0 50 50 0 0 0 0 50 0 0 50 0 50  2
(KJ7542) 2 QJ62 K3 S NS KJ7542 QJ62-K3-2 6-4-2-1 50 0 0 0 0 0 0 0 0 0 50 0 0 0 0 3 50 0 50 50 0 0 0 0 50 0 0 50 0 50  2
(KJ7542) K3 2 QJ62 S EW KJ7542 QJ62-K3-2 6-4-2-1 0 0 0 0 0 0 0 0 50 0 50 0 0 0 0 2 50 0 50 50 0 0 0 0 50 0 0 50 0 50  2
(KJ7542) K3 2 QJ62 S -- KJ7542 QJ62-K3-2 6-4-2-1 0 0 0 0 0 0 0 0 50 0 50 0 0 0 0 2 50 0 50 50 0 0 0 0 50 0 0 50 0 50  2
(KJ7542) K3 2 QJ62 S ++ KJ7542 QJ62-K3-2 6-4-2-1 50 0 0 0 0 0 0 0 0 0 50 0 0 0 0 3 50 0 50 50 0 0 0 0 50 0 0 50 0 50  2
(KJ7542) K3 2 QJ62 S NS KJ7542 QJ62-K3-2 6-4-2-1 50 0 0 0 0 0 0 0 0 0 50 0 0 0 0 3 50 0 50 50 0 0 0 0 50 0 0 50 0 50  2
(KJ7542) 2 K3 QJ62 S EW KJ7542 QJ62-K3-2 6-4-2-1 0 0 0 0 0 0 0 0 50 0 50 0 0 0 0 2 50 0 50 50 0 0 0 0 50 0 0 50 0 50  2
(KJ7542) 2 K3 QJ62 S -- KJ7542 QJ62-K3-2 6-4-2-1 0 0 0 0 0 0 0 0 50 0 50 0 0 0 0 2 50 0 50 50 0 0 0 0 50 0 0 50 0 50  2
(KJ7542) 2 K3 QJ62 S ++ KJ7542 QJ62-K3-2 6-4-2-1 50 0 0 0 0 0 0 0 0 0 50 0 0 0 0 3 50 0 50 50 0 0 0 0 50 0 0 50 0 50  2
(KJ7542) 2 K3 QJ62 S NS KJ7542 QJ62-K3-2 6-4-2-1 50 0 0 0 0 0 0 0 0 0 50 0 0 0 0 3 50 0 50 50 0 0 0 0 50 0 0 50 0 50  2
QJ62 (KJ7542) K3 2 H EW KJ7542 QJ62-K3-2 6-4-2-1 50 0 0 0 0 0 0 0 50 0 0 0 0 0 0 1 0 0 100 50 0 0 0 50 0 0 0 50 0 0  2
QJ62 (KJ7542) K3 2 H -- KJ7542 QJ62-K3-2 6-4-2-1 50 0 0 0 0 0 0 0 50 0 0 0 0 0 0 1 0 0 100 50 0 0 0 50 0 0 0 50 0 0  2
QJ62 (KJ7542) K3 2 H ++ KJ7542 QJ62-K3-2 6-4-2-1 100 0 0 0 0 0 0 0 0 0 0 0 0 0 0 0 0 0 100 50 0 0 0 50 0 0 0 50 0 0  2
QJ62 (KJ7542) K3 2 H NS KJ7542 QJ62-K3-2 6-4-2-1 100 0 0 0 0 0 0 0 0 0 0 0 0 0 0 0 0 0 100 50 0 50 0 0 0 0 0 0 50 0  2
QJ62 (KJ7542) 2 K3 H EW KJ7542 QJ62-K3-2 6-4-2-1 50 0 0 0 0 0 0 0 50 0 0 0 0 0 0 1 0 0 100 50 0 0 0 50 0 0 0 50 0 0  2
QJ62 (KJ7542) 2 K3 H -- KJ7542 QJ62-K3-2 6-4-2-1 50 0 0 0 0 0 0 0 50 0 0 0 0 0 0 1 0 0 100 50 0 0 0 50 0 0 0 50 0 0  2
QJ62 (KJ7542) 2 K3 H ++ KJ7542 QJ62-K3-2 6-4-2-1 100 0 0 0 0 0 0 0 0 0 0 0 0 0 0 0 0 0 100 50 0 0 0 50 0 0 0 50 0 0  2
QJ62 (KJ7542) 2 K3 H NS KJ7542 QJ62-K3-2 6-4-2-1 100 0 0 0 0 0 0 0 0 0 0 0 0 0 0 0 0 0 100 50 0 50 0 0 0 0 0 0 50 0  2
K3 (KJ7542) QJ62 2 H EW KJ7542 QJ62-K3-2 6-4-2-1 0 0 0 0 0 0 0 0 50 0 50 0 0 0 0 2 50 0 50 50 0 0 0 0 50 0 0 50 0 50  2
K3 (KJ7542) QJ62 2 H -- KJ7542 QJ62-K3-2 6-4-2-1 0 0 0 0 0 0 0 0 50 0 50 0 0 0 0 2 50 0 50 50 0 0 0 0 50 0 0 50 0 50  2
K3 (KJ7542) QJ62 2 H ++ KJ7542 QJ62-K3-2 6-4-2-1 50 0 0 0 0 0 0 0 0 0 50 0 0 0 0 3 50 0 50 50 0 0 0 0 50 0 0 50 0 50  2
K3 (KJ7542) QJ62 2 H NS KJ7542 QJ62-K3-2 6-4-2-1 50 0 0 0 0 0 0 0 0 0 50 0 0 0 0 3 50 0 50 50 0 0 0 0 50 0 0 50 0 50  2
2 (KJ7542) QJ62 K3 H EW KJ7542 QJ62-K3-2 6-4-2-1 0 0 0 0 0 0 0 0 50 0 50 0 0 0 0 2 50 0 50 50 0 0 0 0 50 0 0 50 0 50  2
2 (KJ7542) QJ62 K3 H -- KJ7542 QJ62-K3-2 6-4-2-1 0 0 0 0 0 0 0 0 50 0 50 0 0 0 0 2 0 0 100 50 0 0 0 50 0 0 0 50 0 0  2
2 (KJ7542) QJ62 K3 H ++ KJ7542 QJ62-K3-2 6-4-2-1 50 0 0 0 0 0 0 0 0 0 50 0 0 0 0 3 50 0 50 50 0 0 0 0 50 0 0 50 0 50  2
2 (KJ7542) QJ62 K3 H NS KJ7542 QJ62-K3-2 6-4-2-1 50 0 0 0 0 0 0 0 0 0 50 0 0 0 0 3 0 0 100 50 0 0 0 50 0 0 0 50 0 0  2
K3 (KJ7542) 2 QJ62 H EW KJ7542 QJ62-K3-2 6-4-2-1 0 0 0 0 0 0 0 0 50 0 50 0 0 0 0 2 50 0 50 50 0 0 0 0 50 0 0 50 0 50  2
K3 (KJ7542) 2 QJ62 H -- KJ7542 QJ62-K3-2 6-4-2-1 0 0 0 0 0 0 0 0 50 0 50 0 0 0 0 2 50 0 50 50 0 0 0 0 50 0 0 50 0 50  2
K3 (KJ7542) 2 QJ62 H ++ KJ7542 QJ62-K3-2 6-4-2-1 50 0 0 0 0 0 0 0 0 0 50 0 0 0 0 3 50 0 50 50 0 0 0 0 50 0 0 50 0 50  2
K3 (KJ7542) 2 QJ62 H NS KJ7542 QJ62-K3-2 6-4-2-1 50 0 0 0 0 0 0 0 0 0 50 0 0 0 0 3 50 0 50 50 0 0 0 0 50 0 0 50 0 50  2
2 (KJ7542) K3 QJ62 H EW KJ7542 QJ62-K3-2 6-4-2-1 0 0 0 0 0 0 0 0 50 0 50 0 0 0 0 2 50 0 50 50 0 0 0 0 50 0 0 50 0 50  2
2 (KJ7542) K3 QJ62 H -- KJ7542 QJ62-K3-2 6-4-2-1 0 0 0 0 0 0 0 0 50 0 50 0 0 0 0 2 0 0 100 50 0 0 0 50 0 0 0 50 0 0  2
2 (KJ7542) K3 QJ62 H ++ KJ7542 QJ62-K3-2 6-4-2-1 50 0 0 0 0 0 0 0 0 0 50 0 0 0 0 3 50 0 50 50 0 0 0 0 50 0 0 50 0 50  2
2 (KJ7542) K3 QJ62 H NS KJ7542 QJ62-K3-2 6-4-2-1 50 0 0 0 0 0 0 0 0 0 50 0 0 0 0 3 0 0 100 50 0 0 0 50 0 0 0 50 0 0  2
QJ62 K3 (KJ7542) 2 D EW KJ7542 QJ62-K3-2 6-4-2-1 50 0 0 0 0 0 0 0 50 0 0 0 0 0 0 1 0 0 100 50 0 0 0 50 0 0 0 50 0 0  2
QJ62 K3 (KJ7542) 2 D -- KJ7542 QJ62-K3-2 6-4-2-1 50 0 0 0 0 0 0 0 50 0 0 0 0 0 0 1 0 0 100 50 0 0 0 50 0 0 0 50 0 0  2
QJ62 K3 (KJ7542) 2 D ++ KJ7542 QJ62-K3-2 6-4-2-1 100 0 0 0 0 0 0 0 0 0 0 0 0 0 0 0 0 0 100 50 0 0 0 50 0 0 0 50 0 0  2
QJ62 K3 (KJ7542) 2 D NS KJ7542 QJ62-K3-2 6-4-2-1 100 0 0 0 0 0 0 0 0 0 0 0 0 0 0 0 0 0 100 50 0 50 0 0 0 0 0 0 50 0  2
QJ62 2 (KJ7542) K3 D EW KJ7542 QJ62-K3-2 6-4-2-1 50 0 0 0 0 0 0 0 50 0 0 0 0 0 0 1 0 0 100 50 0 0 0 50 0 0 0 50 0 0  2
QJ62 2 (KJ7542) K3 D -- KJ7542 QJ62-K3-2 6-4-2-1 50 0 0 0 0 0 0 0 50 0 0 0 0 0 0 1 0 0 100 50 0 0 0 50 0 0 0 50 0 0  2
QJ62 2 (KJ7542) K3 D ++ KJ7542 QJ62-K3-2 6-4-2-1 100 0 0 0 0 0 0 0 0 0 0 0 0 0 0 0 0 0 100 50 0 0 0 50 0 0 0 50 0 0  2
QJ62 2 (KJ7542) K3 D NS KJ7542 QJ62-K3-2 6-4-2-1 100 0 0 0 0 0 0 0 0 0 0 0 0 0 0 0 0 0 100 50 0 50 0 0 0 0 0 0 50 0  2
K3 QJ62 (KJ7542) 2 D EW KJ7542 QJ62-K3-2 6-4-2-1 50 0 0 0 0 0 0 0 50 0 0 0 0 0 0 1 0 0 100 50 0 0 0 50 0 0 0 50 0 0  2
K3 QJ62 (KJ7542) 2 D -- KJ7542 QJ62-K3-2 6-4-2-1 50 0 0 0 0 0 0 0 50 0 0 0 0 0 0 1 0 0 100 50 0 0 0 50 0 0 0 50 0 0  2
K3 QJ62 (KJ7542) 2 D ++ KJ7542 QJ62-K3-2 6-4-2-1 100 0 0 0 0 0 0 0 0 0 0 0 0 0 0 0 0 0 100 50 0 0 0 50 0 0 0 50 0 0  2
K3 QJ62 (KJ7542) 2 D NS KJ7542 QJ62-K3-2 6-4-2-1 100 0 0 0 0 0 0 0 0 0 0 0 0 0 0 0 0 0 100 50 0 50 0 0 0 0 0 0 50 0  2
2 QJ62 (KJ7542) K3 D EW KJ7542 QJ62-K3-2 6-4-2-1 50 0 0 0 0 0 0 0 50 0 0 0 0 0 0 1 0 0 100 50 0 0 0 50 0 0 0 50 0 0  2
2 QJ62 (KJ7542) K3 D -- KJ7542 QJ62-K3-2 6-4-2-1 50 0 0 0 0 0 0 0 50 0 0 0 0 0 0 1 0 0 100 50 0 50 0 0 0 0 0 0 50 0  2
2 QJ62 (KJ7542) K3 D ++ KJ7542 QJ62-K3-2 6-4-2-1 100 0 0 0 0 0 0 0 0 0 0 0 0 0 0 0 0 0 100 50 0 50 0 0 0 0 0 0 50 0  2
2 QJ62 (KJ7542) K3 D NS KJ7542 QJ62-K3-2 6-4-2-1 100 0 0 0 0 0 0 0 0 0 0 0 0 0 0 0 0 0 100 50 0 50 0 0 0 0 0 0 50 0  2
K3 2 (KJ7542) QJ62 D EW KJ7542 QJ62-K3-2 6-4-2-1 50 0 0 0 0 0 0 0 50 0 0 0 0 0 0 1 0 0 100 50 0 0 0 50 0 0 0 50 0 0  2
K3 2 (KJ7542) QJ62 D -- KJ7542 QJ62-K3-2 6-4-2-1 50 0 0 0 0 0 0 0 50 0 0 0 0 0 0 1 0 0 100 50 0 0 0 50 0 0 0 50 0 0  2
K3 2 (KJ7542) QJ62 D ++ KJ7542 QJ62-K3-2 6-4-2-1 100 0 0 0 0 0 0 0 0 0 0 0 0 0 0 0 0 0 100 50 0 0 0 50 0 0 0 50 0 0  2
K3 2 (KJ7542) QJ62 D NS KJ7542 QJ62-K3-2 6-4-2-1 100 0 0 0 0 0 0 0 0 0 0 0 0 0 0 0 0 0 100 50 0 0 0 50 0 0 0 50 0 0  2
2 K3 (KJ7542) QJ62 D EW KJ7542 QJ62-K3-2 6-4-2-1 50 0 0 0 0 0 0 0 50 0 0 0 0 0 0 1 0 0 100 50 0 0 0 50 0 0 0 50 0 0  2
2 K3 (KJ7542) QJ62 D -- KJ7542 QJ62-K3-2 6-4-2-1 50 0 0 0 0 0 0 0 50 0 0 0 0 0 0 1 0 0 100 50 0 0 0 50 0 0 0 50 0 0  2
2 K3 (KJ7542) QJ62 D ++ KJ7542 QJ62-K3-2 6-4-2-1 100 0 0 0 0 0 0 0 0 0 0 0 0 0 0 0 0 0 100 50 0 0 0 50 0 0 0 50 0 0  2
2 K3 (KJ7542) QJ62 D NS KJ7542 QJ62-K3-2 6-4-2-1 100 0 0 0 0 0 0 0 0 0 0 0 0 0 0 0 0 0 100 50 0 0 0 50 0 0 0 50 0 0  2
QJ62 K3 2 (KJ7542) C EW KJ7542 QJ62-K3-2 6-4-2-1 50 0 0 0 0 0 0 0 50 0 0 0 0 0 0 1 0 0 100 50 0 0 0 50 0 0 0 50 0 0  2
QJ62 K3 2 (KJ7542) C -- KJ7542 QJ62-K3-2 6-4-2-1 50 0 0 0 0 0 0 0 50 0 0 0 0 0 0 1 0 0 100 50 0 0 0 50 0 0 0 50 0 0  2
QJ62 K3 2 (KJ7542) C ++ KJ7542 QJ62-K3-2 6-4-2-1 100 0 0 0 0 0 0 0 0 0 0 0 0 0 0 0 0 0 100 50 0 0 0 50 0 0 0 50 0 0  2
QJ62 K3 2 (KJ7542) C NS KJ7542 QJ62-K3-2 6-4-2-1 100 0 0 0 0 0 0 0 0 0 0 0 0 0 0 0 0 0 100 50 0 50 0 0 0 0 0 0 50 0  2
QJ62 2 K3 (KJ7542) C EW KJ7542 QJ62-K3-2 6-4-2-1 50 0 0 0 0 0 0 0 50 0 0 0 0 0 0 1 0 0 100 50 0 0 0 50 0 0 0 50 0 0  2
QJ62 2 K3 (KJ7542) C -- KJ7542 QJ62-K3-2 6-4-2-1 50 0 0 0 0 0 0 0 50 0 0 0 0 0 0 1 0 0 100 50 0 0 0 50 0 0 0 50 0 0  2
QJ62 2 K3 (KJ7542) C ++ KJ7542 QJ62-K3-2 6-4-2-1 100 0 0 0 0 0 0 0 0 0 0 0 0 0 0 0 0 0 100 50 0 0 0 50 0 0 0 50 0 0  2
QJ62 2 K3 (KJ7542) C NS KJ7542 QJ62-K3-2 6-4-2-1 100 0 0 0 0 0 0 0 0 0 0 0 0 0 0 0 0 0 100 50 0 50 0 0 0 0 0 0 50 0  2
K3 QJ62 2 (KJ7542) C EW KJ7542 QJ62-K3-2 6-4-2-1 50 0 0 0 0 0 0 0 50 0 0 0 0 0 0 1 0 0 100 50 0 0 0 50 0 0 0 50 0 0  2
K3 QJ62 2 (KJ7542) C -- KJ7542 QJ62-K3-2 6-4-2-1 50 0 0 0 0 0 0 0 50 0 0 0 0 0 0 1 0 0 100 50 0 0 0 50 0 0 0 50 0 0  2
K3 QJ62 2 (KJ7542) C ++ KJ7542 QJ62-K3-2 6-4-2-1 100 0 0 0 0 0 0 0 0 0 0 0 0 0 0 0 0 0 100 50 0 0 0 50 0 0 0 50 0 0  2
K3 QJ62 2 (KJ7542) C NS KJ7542 QJ62-K3-2 6-4-2-1 100 0 0 0 0 0 0 0 0 0 0 0 0 0 0 0 0 0 100 50 0 50 0 0 0 0 0 0 50 0  2
2 QJ62 K3 (KJ7542) C EW KJ7542 QJ62-K3-2 6-4-2-1 50 0 0 0 0 0 0 0 50 0 0 0 0 0 0 1 0 0 100 50 0 0 0 50 0 0 0 50 0 0  2
2 QJ62 K3 (KJ7542) C -- KJ7542 QJ62-K3-2 6-4-2-1 50 0 0 0 0 0 0 0 50 0 0 0 0 0 0 1 0 0 100 50 0 50 0 0 0 0 0 0 50 0  2
2 QJ62 K3 (KJ7542) C ++ KJ7542 QJ62-K3-2 6-4-2-1 100 0 0 0 0 0 0 0 0 0 0 0 0 0 0 0 0 0 100 50 0 50 0 0 0 0 0 0 50 0  2
2 QJ62 K3 (KJ7542) C NS KJ7542 QJ62-K3-2 6-4-2-1 100 0 0 0 0 0 0 0 0 0 0 0 0 0 0 0 0 0 100 50 0 50 0 0 0 0 0 0 50 0  2
K3 2 QJ62 (KJ7542) C EW KJ7542 QJ62-K3-2 6-4-2-1 50 0 0 0 0 0 0 0 50 0 0 0 0 0 0 1 0 0 100 50 0 0 0 50 0 0 0 50 0 0  2
K3 2 QJ62 (KJ7542) C -- KJ7542 QJ62-K3-2 6-4-2-1 50 0 0 0 0 0 0 0 50 0 0 0 0 0 0 1 0 0 100 50 0 0 0 50 0 0 0 50 0 0  2
K3 2 QJ62 (KJ7542) C ++ KJ7542 QJ62-K3-2 6-4-2-1 100 0 0 0 0 0 0 0 0 0 0 0 0 0 0 0 0 0 100 50 0 0 0 50 0 0 0 50 0 0  2
K3 2 QJ62 (KJ7542) C NS KJ7542 QJ62-K3-2 6-4-2-1 100 0 0 0 0 0 0 0 0 0 0 0 0 0 0 0 0 0 100 50 0 0 0 50 0 0 0 50 0 0  2
2 K3 QJ62 (KJ7542) C EW KJ7542 QJ62-K3-2 6-4-2-1 50 0 0 0 0 0 0 0 50 0 0 0 0 0 0 1 0 0 100 50 0 0 0 50 0 0 0 50 0 0  2
2 K3 QJ62 (KJ7542) C -- KJ7542 QJ62-K3-2 6-4-2-1 50 0 0 0 0 0 0 0 50 0 0 0 0 0 0 1 0 0 100 50 0 0 0 50 0 0 0 50 0 0  2
2 K3 QJ62 (KJ7542) C ++ KJ7542 QJ62-K3-2 6-4-2-1 100 0 0 0 0 0 0 0 0 0 0 0 0 0 0 0 0 0 100 50 0 0 0 50 0 0 0 50 0 0  2
2 K3 QJ62 (KJ7542) C NS KJ7542 QJ62-K3-2 6-4-2-1 100 0 0 0 0 0 0 0 0 0 0 0 0 0 0 0 0 0 100 50 0 0 0 50 0 0 0 50 0 0  2
(KJ7542) A954 85 5 S EW KJ7542 A954-85-5 6-4-2-1 0 0 0 0 0 0 0 0 0 0 50 0 0 50 0 4.5 0 50 50 0 0 0 0 0 0 50 50 100 100 50  2
(KJ7542) A954 85 5 S -- KJ7542 A954-85-5 6-4-2-1 0 0 0 0 0 0 0 0 0 0 50 0 50 0 0 4 0 0 100 0 50 0 0 0 0 50 0 50 50 50  2
(KJ7542) A954 85 5 S ++ KJ7542 A954-85-5 6-4-2-1 0 0 0 0 0 0 0 0 0 0 50 0 0 50 0 4.5 0 50 50 0 0 0 0 0 0 50 50 100 100 50  2
(KJ7542) A954 85 5 S NS KJ7542 A954-85-5 6-4-2-1 0 0 0 0 0 0 0 0 0 0 50 50 0 0 0 3.5 0 0 100 50 0 0 0 0 0 50 0 50 50 0  2
(KJ7542) A954 5 85 S EW KJ7542 A954-85-5 6-4-2-1 0 0 0 0 0 0 0 0 0 0 50 0 0 50 0 4.5 0 50 50 0 0 0 0 0 0 50 50 100 100 50  2
(KJ7542) A954 5 85 S -- KJ7542 A954-85-5 6-4-2-1 0 0 0 0 0 0 0 0 0 0 50 0 50 0 0 4 0 0 100 0 50 0 0 0 0 50 0 50 50 50  2
(KJ7542) A954 5 85 S ++ KJ7542 A954-85-5 6-4-2-1 0 0 0 0 0 0 0 0 0 0 50 0 0 50 0 4.5 0 50 50 0 0 0 0 0 0 50 50 100 100 50  2
(KJ7542) A954 5 85 S NS KJ7542 A954-85-5 6-4-2-1 0 0 0 0 0 0 0 0 0 0 50 50 0 0 0 3.5 0 0 100 50 0 0 0 0 0 50 0 50 50 0  2
(KJ7542) 85 A954 5 S EW KJ7542 A954-85-5 6-4-2-1 0 0 0 0 0 0 0 0 0 0 50 0 0 50 0 4.5 0 50 50 0 0 0 0 0 0 50 50 100 100 50  2
(KJ7542) 85 A954 5 S -- KJ7542 A954-85-5 6-4-2-1 0 0 0 0 0 0 0 0 0 0 50 0 50 0 0 4 0 0 100 0 50 0 0 0 0 50 0 50 50 50  2
(KJ7542) 85 A954 5 S ++ KJ7542 A954-85-5 6-4-2-1 0 0 0 0 0 0 0 0 0 0 50 0 50 0 0 4 0 0 100 0 50 0 0 0 0 50 0 50 50 50  2
(KJ7542) 85 A954 5 S NS KJ7542 A954-85-5 6-4-2-1 0 0 0 0 0 0 0 0 0 0 50 50 0 0 0 3.5 0 0 100 50 0 0 0 0 0 50 0 50 50 0  2
(KJ7542) 5 A954 85 S EW KJ7542 A954-85-5 6-4-2-1 0 0 0 0 0 0 0 0 0 0 0 50 0 50 0 5 0 50 50 0 0 0 0 0 0 50 50 100 100 50  2
(KJ7542) 5 A954 85 S -- KJ7542 A954-85-5 6-4-2-1 0 0 0 0 0 0 0 0 0 0 0 50 50 0 0 4.5 0 0 100 0 50 0 0 0 0 50 0 50 50 50  2
(KJ7542) 5 A954 85 S ++ KJ7542 A954-85-5 6-4-2-1 0 0 0 0 0 0 0 0 0 0 0 50 50 0 0 4.5 0 0 100 0 50 0 0 0 0 50 0 50 50 50  2
(KJ7542) 5 A954 85 S NS KJ7542 A954-85-5 6-4-2-1 0 0 0 0 0 0 0 0 0 0 50 50 0 0 0 3.5 0 0 100 100 0 0 0 0 0 0 0 0 0 0  2
(KJ7542) 85 5 A954 S EW KJ7542 A954-85-5 6-4-2-1 0 0 0 0 0 0 0 0 0 0 0 50 0 50 0 5 0 50 50 0 0 0 0 0 0 50 50 100 100 50  2
(KJ7542) 85 5 A954 S -- KJ7542 A954-85-5 6-4-2-1 0 0 0 0 0 0 0 0 0 0 0 50 50 0 0 4.5 0 0 100 0 50 0 0 0 0 50 0 50 50 50  2
(KJ7542) 85 5 A954 S ++ KJ7542 A954-85-5 6-4-2-1 0 0 0 0 0 0 0 0 0 0 0 50 50 0 0 4.5 0 0 100 0 50 0 0 0 0 50 0 50 50 50  2
(KJ7542) 85 5 A954 S NS KJ7542 A954-85-5 6-4-2-1 0 0 0 0 0 0 0 0 0 0 50 50 0 0 0 3.5 0 0 100 100 0 0 0 0 0 0 0 0 0 0  2
(KJ7542) 5 85 A954 S EW KJ7542 A954-85-5 6-4-2-1 0 0 0 0 0 0 0 0 0 0 0 50 0 50 0 5 0 50 50 0 0 0 0 0 0 50 50 100 100 50  2
(KJ7542) 5 85 A954 S -- KJ7542 A954-85-5 6-4-2-1 0 0 0 0 0 0 0 0 0 0 0 50 50 0 0 4.5 0 0 100 0 50 0 0 0 0 50 0 50 50 50  2
(KJ7542) 5 85 A954 S ++ KJ7542 A954-85-5 6-4-2-1 0 0 0 0 0 0 0 0 0 0 0 50 50 0 0 4.5 0 0 100 0 50 0 0 0 0 50 0 50 50 50  2
(KJ7542) 5 85 A954 S NS KJ7542 A954-85-5 6-4-2-1 0 0 0 0 0 0 0 0 0 0 50 50 0 0 0 3.5 0 0 100 100 0 0 0 0 0 0 0 0 0 0  2
A954 (KJ7542) 85 5 H EW KJ7542 A954-85-5 6-4-2-1 0 0 0 0 0 0 0 0 0 0 50 0 0 0 50 5 0 50 50 0 0 0 0 0 0 50 50 100 100 50  2
A954 (KJ7542) 85 5 H -- KJ7542 A954-85-5 6-4-2-1 0 0 0 0 0 0 0 0 0 0 50 0 50 0 0 4 0 0 100 50 0 0 0 0 0 50 0 50 50 0  2
A954 (KJ7542) 85 5 H ++ KJ7542 A954-85-5 6-4-2-1 0 0 0 0 0 0 0 0 0 0 50 0 0 50 0 4.5 0 0 100 0 50 0 0 0 0 50 0 50 50 50  2
A954 (KJ7542) 85 5 H NS KJ7542 A954-85-5 6-4-2-1 0 0 0 0 0 0 0 0 0 0 50 50 0 0 0 3.5 0 0 100 50 0 0 0 0 0 50 0 50 50 0  2
A954 (KJ7542) 5 85 H EW KJ7542 A954-85-5 6-4-2-1 0 0 0 0 0 0 0 0 0 0 50 0 0 0 50 5 0 50 50 0 0 0 0 0 0 50 50 100 100 50  2
A954 (KJ7542) 5 85 H -- KJ7542 A954-85-5 6-4-2-1 0 0 0 0 0 0 0 0 0 0 50 0 50 0 0 4 0 0 100 50 0 0 0 0 0 50 0 50 50 0  2
A954 (KJ7542) 5 85 H ++ KJ7542 A954-85-5 6-4-2-1 0 0 0 0 0 0 0 0 0 0 50 0 0 50 0 4.5 0 0 100 0 50 0 0 0 0 50 0 50 50 50  2
A954 (KJ7542) 5 85 H NS KJ7542 A954-85-5 6-4-2-1 0 0 0 0 0 0 0 0 0 0 50 50 0 0 0 3.5 0 0 100 50 0 0 0 0 0 50 0 50 50 0  2
85 (KJ7542) A954 5 H EW KJ7542 A954-85-5 6-4-2-1 0 0 0 0 0 0 0 0 0 0 50 0 0 50 0 4.5 0 50 50 0 0 0 0 0 0 50 50 100 100 50  2
85 (KJ7542) A954 5 H -- KJ7542 A954-85-5 6-4-2-1 0 0 0 0 0 0 0 0 0 0 50 0 50 0 0 4 0 0 100 0 50 0 0 0 0 50 0 50 50 50  2
85 (KJ7542) A954 5 H ++ KJ7542 A954-85-5 6-4-2-1 0 0 0 0 0 0 0 0 0 0 50 0 50 0 0 4 0 0 100 0 50 0 0 0 0 50 0 50 50 50  2
85 (KJ7542) A954 5 H NS KJ7542 A954-85-5 6-4-2-1 0 0 0 0 0 0 0 0 0 0 50 50 0 0 0 3.5 0 0 100 50 0 0 0 0 0 50 0 50 50 0  2
5 (KJ7542) A954 85 H EW KJ7542 A954-85-5 6-4-2-1 0 0 0 0 0 0 0 0 0 0 0 50 0 50 0 5 0 50 50 0 0 0 0 0 0 50 50 100 100 50  2
5 (KJ7542) A954 85 H -- KJ7542 A954-85-5 6-4-2-1 0 0 0 0 0 0 0 0 0 0 0 50 50 0 0 4.5 0 0 100 0 50 0 0 0 0 50 0 50 50 50  2
5 (KJ7542) A954 85 H ++ KJ7542 A954-85-5 6-4-2-1 0 0 0 0 0 0 0 0 0 0 0 50 50 0 0 4.5 0 0 100 0 50 0 0 0 0 50 0 50 50 50  2
5 (KJ7542) A954 85 H NS KJ7542 A954-85-5 6-4-2-1 0 0 0 0 0 0 0 0 0 0 50 50 0 0 0 3.5 0 0 100 100 0 0 0 0 0 0 0 0 0 0  2
85 (KJ7542) 5 A954 H EW KJ7542 A954-85-5 6-4-2-1 0 0 0 0 0 0 0 0 0 0 0 50 0 50 0 5 0 50 50 0 0 0 0 0 0 50 50 100 100 50  2
85 (KJ7542) 5 A954 H -- KJ7542 A954-85-5 6-4-2-1 0 0 0 0 0 0 0 0 0 0 0 50 50 0 0 4.5 0 0 100 0 50 0 0 0 0 50 0 50 50 50  2
85 (KJ7542) 5 A954 H ++ KJ7542 A954-85-5 6-4-2-1 0 0 0 0 0 0 0 0 0 0 0 50 50 0 0 4.5 0 0 100 0 50 0 0 0 0 50 0 50 50 50  2
85 (KJ7542) 5 A954 H NS KJ7542 A954-85-5 6-4-2-1 0 0 0 0 0 0 0 0 0 0 50 50 0 0 0 3.5 0 0 100 100 0 0 0 0 0 0 0 0 0 0  2
5 (KJ7542) 85 A954 H EW KJ7542 A954-85-5 6-4-2-1 0 0 0 0 0 0 0 0 0 0 0 50 0 50 0 5 0 50 50 0 0 0 0 0 0 50 50 100 100 50  2
5 (KJ7542) 85 A954 H -- KJ7542 A954-85-5 6-4-2-1 0 0 0 0 0 0 0 0 0 0 0 50 50 0 0 4.5 0 0 100 0 50 0 0 0 0 50 0 50 50 50  2
5 (KJ7542) 85 A954 H ++ KJ7542 A954-85-5 6-4-2-1 0 0 0 0 0 0 0 0 0 0 0 50 50 0 0 4.5 0 0 100 0 50 0 0 0 0 50 0 50 50 50  2
5 (KJ7542) 85 A954 H NS KJ7542 A954-85-5 6-4-2-1 0 0 0 0 0 0 0 0 0 0 50 50 0 0 0 3.5 0 0 100 100 0 0 0 0 0 0 0 0 0 0  2
A954 85 (KJ7542) 5 D EW KJ7542 A954-85-5 6-4-2-1 0 0 0 0 0 0 0 0 0 0 50 0 0 0 50 5 0 50 50 0 0 0 0 0 0 50 50 100 100 50  2
A954 85 (KJ7542) 5 D -- KJ7542 A954-85-5 6-4-2-1 0 0 0 0 0 0 0 0 0 0 50 0 50 0 0 4 0 0 100 50 0 0 0 0 0 50 0 50 50 0  2
A954 85 (KJ7542) 5 D ++ KJ7542 A954-85-5 6-4-2-1 0 0 0 0 0 0 0 0 0 0 50 0 0 50 0 4.5 0 0 100 0 50 0 0 0 0 50 0 50 50 50  2
A954 85 (KJ7542) 5 D NS KJ7542 A954-85-5 6-4-2-1 0 0 0 0 0 0 0 0 0 0 50 50 0 0 0 3.5 0 0 100 50 0 0 0 0 0 50 0 50 50 0  2
A954 5 (KJ7542) 85 D EW KJ7542 A954-85-5 6-4-2-1 0 0 0 0 0 0 0 0 0 0 50 0 0 0 50 5 0 50 50 0 0 0 0 0 0 50 50 100 100 50  2
A954 5 (KJ7542) 85 D -- KJ7542 A954-85-5 6-4-2-1 0 0 0 0 0 0 0 0 0 0 50 0 50 0 0 4 0 0 100 50 0 0 0 0 0 50 0 50 50 0  2
A954 5 (KJ7542) 85 D ++ KJ7542 A954-85-5 6-4-2-1 0 0 0 0 0 0 0 0 0 0 50 0 0 50 0 4.5 0 0 100 0 50 0 0 0 0 50 0 50 50 50  2
A954 5 (KJ7542) 85 D NS KJ7542 A954-85-5 6-4-2-1 0 0 0 0 0 0 0 0 0 0 50 50 0 0 0 3.5 0 0 100 50 0 0 0 0 0 50 0 50 50 0  2
85 A954 (KJ7542) 5 D EW KJ7542 A954-85-5 6-4-2-1 0 0 0 0 0 0 0 0 0 0 50 0 0 0 50 5 0 50 50 0 0 0 0 0 0 50 50 100 100 50  2
85 A954 (KJ7542) 5 D -- KJ7542 A954-85-5 6-4-2-1 0 0 0 0 0 0 0 0 0 0 50 0 50 0 0 4 0 0 100 50 0 0 0 0 0 50 0 50 50 0  2
85 A954 (KJ7542) 5 D ++ KJ7542 A954-85-5 6-4-2-1 0 0 0 0 0 0 0 0 0 0 50 0 0 50 0 4.5 0 0 100 0 50 0 0 0 0 50 0 50 50 50  2
85 A954 (KJ7542) 5 D NS KJ7542 A954-85-5 6-4-2-1 0 0 0 0 0 0 0 0 0 0 50 50 0 0 0 3.5 0 0 100 50 0 0 0 0 0 50 0 50 50 0  2
5 A954 (KJ7542) 85 D EW KJ7542 A954-85-5 6-4-2-1 0 0 0 0 0 0 0 0 0 0 0 50 0 0 50 5.5 0 50 50 0 0 0 0 0 0 50 50 100 100 50  2
5 A954 (KJ7542) 85 D -- KJ7542 A954-85-5 6-4-2-1 0 0 0 0 0 0 0 0 0 0 0 50 50 0 0 4.5 0 0 100 50 0 0 0 0 0 50 0 50 50 0  2
5 A954 (KJ7542) 85 D ++ KJ7542 A954-85-5 6-4-2-1 0 0 0 0 0 0 0 0 0 0 0 50 0 50 0 5 0 0 100 0 50 0 0 0 0 50 0 50 50 50  2
5 A954 (KJ7542) 85 D NS KJ7542 A954-85-5 6-4-2-1 0 0 0 0 0 0 0 0 0 0 50 50 0 0 0 3.5 0 0 100 100 0 0 0 0 0 0 0 0 0 0  2
85 5 (KJ7542) A954 D EW KJ7542 A954-85-5 6-4-2-1 0 0 0 0 0 0 0 0 0 0 0 50 0 50 0 5 0 50 50 0 0 0 0 0 0 50 50 100 100 50  2
85 5 (KJ7542) A954 D -- KJ7542 A954-85-5 6-4-2-1 0 0 0 0 0 0 0 0 0 0 0 50 50 0 0 4.5 0 0 100 0 50 0 0 0 0 50 0 50 50 50  2
85 5 (KJ7542) A954 D ++ KJ7542 A954-85-5 6-4-2-1 0 0 0 0 0 0 0 0 0 0 0 50 50 0 0 4.5 0 0 100 0 50 0 0 0 0 50 0 50 50 50  2
85 5 (KJ7542) A954 D NS KJ7542 A954-85-5 6-4-2-1 0 0 0 0 0 0 0 0 0 0 50 50 0 0 0 3.5 0 0 100 100 0 0 0 0 0 0 0 0 0 0  2
5 85 (KJ7542) A954 D EW KJ7542 A954-85-5 6-4-2-1 0 0 0 0 0 0 0 0 0 0 0 50 0 50 0 5 0 50 50 0 0 0 0 0 0 50 50 100 100 50  2
5 85 (KJ7542) A954 D -- KJ7542 A954-85-5 6-4-2-1 0 0 0 0 0 0 0 0 0 0 0 50 50 0 0 4.5 0 0 100 0 50 0 0 0 0 50 0 50 50 50  2
5 85 (KJ7542) A954 D ++ KJ7542 A954-85-5 6-4-2-1 0 0 0 0 0 0 0 0 0 0 0 50 50 0 0 4.5 0 0 100 0 50 0 0 0 0 50 0 50 50 50  2
5 85 (KJ7542) A954 D NS KJ7542 A954-85-5 6-4-2-1 0 0 0 0 0 0 0 0 0 0 50 50 0 0 0 3.5 0 0 100 100 0 0 0 0 0 0 0 0 0 0  2
A954 85 5 (KJ7542) C EW KJ7542 A954-85-5 6-4-2-1 0 0 0 0 0 0 0 0 0 0 50 0 0 0 50 5 0 50 50 0 0 0 0 0 0 50 50 100 100 50  2
A954 85 5 (KJ7542) C -- KJ7542 A954-85-5 6-4-2-1 0 0 0 0 0 0 0 0 0 0 50 0 50 0 0 4 0 0 100 50 0 0 0 0 0 50 0 50 50 0  2
A954 85 5 (KJ7542) C ++ KJ7542 A954-85-5 6-4-2-1 0 0 0 0 0 0 0 0 0 0 50 0 0 50 0 4.5 0 0 100 0 50 0 0 0 0 50 0 50 50 50  2
A954 85 5 (KJ7542) C NS KJ7542 A954-85-5 6-4-2-1 0 0 0 0 0 0 0 0 0 0 50 50 0 0 0 3.5 0 0 100 50 0 0 0 0 0 50 0 50 50 0  2
A954 5 85 (KJ7542) C EW KJ7542 A954-85-5 6-4-2-1 0 0 0 0 0 0 0 0 0 0 50 0 0 0 50 5 0 50 50 0 0 0 0 0 0 50 50 100 100 50  2
A954 5 85 (KJ7542) C -- KJ7542 A954-85-5 6-4-2-1 0 0 0 0 0 0 0 0 0 0 50 0 50 0 0 4 0 0 100 50 0 0 0 0 0 50 0 50 50 0  2
A954 5 85 (KJ7542) C ++ KJ7542 A954-85-5 6-4-2-1 0 0 0 0 0 0 0 0 0 0 50 0 0 50 0 4.5 0 0 100 0 50 0 0 0 0 50 0 50 50 50  2
A954 5 85 (KJ7542) C NS KJ7542 A954-85-5 6-4-2-1 0 0 0 0 0 0 0 0 0 0 50 50 0 0 0 3.5 0 0 100 50 0 0 0 0 0 50 0 50 50 0  2
85 A954 5 (KJ7542) C EW KJ7542 A954-85-5 6-4-2-1 0 0 0 0 0 0 0 0 0 0 50 0 0 0 50 5 0 50 50 0 0 0 0 0 0 50 50 100 100 50  2
85 A954 5 (KJ7542) C -- KJ7542 A954-85-5 6-4-2-1 0 0 0 0 0 0 0 0 0 0 50 0 50 0 0 4 0 0 100 50 0 0 0 0 0 50 0 50 50 0  2
85 A954 5 (KJ7542) C ++ KJ7542 A954-85-5 6-4-2-1 0 0 0 0 0 0 0 0 0 0 50 0 0 50 0 4.5 0 0 100 0 50 0 0 0 0 50 0 50 50 50  2
85 A954 5 (KJ7542) C NS KJ7542 A954-85-5 6-4-2-1 0 0 0 0 0 0 0 0 0 0 50 50 0 0 0 3.5 0 0 100 50 0 0 0 0 0 50 0 50 50 0  2
5 A954 85 (KJ7542) C EW KJ7542 A954-85-5 6-4-2-1 0 0 0 0 0 0 0 0 0 0 0 50 0 0 50 5.5 0 50 50 0 0 0 0 0 0 50 50 100 100 50  2
5 A954 85 (KJ7542) C -- KJ7542 A954-85-5 6-4-2-1 0 0 0 0 0 0 0 0 0 0 0 50 50 0 0 4.5 0 0 100 50 0 0 0 0 0 50 0 50 50 0  2
5 A954 85 (KJ7542) C ++ KJ7542 A954-85-5 6-4-2-1 0 0 0 0 0 0 0 0 0 0 0 50 0 50 0 5 0 0 100 0 50 0 0 0 0 50 0 50 50 50  2
5 A954 85 (KJ7542) C NS KJ7542 A954-85-5 6-4-2-1 0 0 0 0 0 0 0 0 0 0 50 50 0 0 0 3.5 0 0 100 100 0 0 0 0 0 0 0 0 0 0  2
85 5 A954 (KJ7542) C EW KJ7542 A954-85-5 6-4-2-1 0 0 0 0 0 0 0 0 0 0 0 50 0 50 0 5 0 0 100 0 50 0 0 0 0 50 0 50 50 50  2
85 5 A954 (KJ7542) C -- KJ7542 A954-85-5 6-4-2-1 0 0 0 0 0 0 0 0 0 0 0 50 50 0 0 4.5 0 0 100 50 0 0 0 0 0 50 0 50 50 0  2
85 5 A954 (KJ7542) C ++ KJ7542 A954-85-5 6-4-2-1 0 0 0 0 0 0 0 0 0 0 0 50 50 0 0 4.5 0 0 100 50 0 0 0 0 0 50 0 50 50 0  2
85 5 A954 (KJ7542) C NS KJ7542 A954-85-5 6-4-2-1 0 0 0 0 0 0 0 0 0 0 50 50 0 0 0 3.5 0 0 100 100 0 0 0 0 0 0 0 0 0 0  2
5 85 A954 (KJ7542) C EW KJ7542 A954-85-5 6-4-2-1 0 0 0 0 0 0 0 0 0 0 0 50 0 50 0 5 0 0 100 0 50 0 0 0 0 50 0 50 50 50  2
5 85 A954 (KJ7542) C -- KJ7542 A954-85-5 6-4-2-1 0 0 0 0 0 0 0 0 0 0 0 50 50 0 0 4.5 0 0 100 50 0 0 0 0 0 50 0 50 50 0  2
5 85 A954 (KJ7542) C ++ KJ7542 A954-85-5 6-4-2-1 0 0 0 0 0 0 0 0 0 0 0 50 50 0 0 4.5 0 0 100 50 0 0 0 0 0 50 0 50 50 0  2
5 85 A954 (KJ7542) C NS KJ7542 A954-85-5 6-4-2-1 0 0 0 0 0 0 0 0 0 0 50 50 0 0 0 3.5 0 0 100 100 0 0 0 0 0 0 0 0 0 0  2
(AQT986) QJ62 K3 2 S EW AQT986 QJ62-K3-2 6-4-2-1 0 0 0 0 0 0 0 0 0 0 100 0 0 0 0 3 100 0 0 0 0 0 0 0 100 0 0 100 0 100  2
(AQT986) QJ62 K3 2 S -- AQT986 QJ62-K3-2 6-4-2-1 0 0 0 0 0 0 0 0 0 0 100 0 0 0 0 3 100 0 0 0 0 0 0 0 100 0 0 100 0 100  2
(AQT986) QJ62 K3 2 S ++ AQT986 QJ62-K3-2 6-4-2-1 0 0 0 0 0 0 0 0 0 0 100 0 0 0 0 3 100 0 0 0 0 0 0 0 100 0 0 100 0 100  2
(AQT986) QJ62 K3 2 S NS AQT986 QJ62-K3-2 6-4-2-1 0 0 0 0 0 0 0 0 0 0 100 0 0 0 0 3 100 0 0 0 0 0 0 0 100 0 0 100 0 100  2
(AQT986) QJ62 2 K3 S EW AQT986 QJ62-K3-2 6-4-2-1 0 0 0 0 0 0 0 0 0 0 100 0 0 0 0 3 100 0 0 0 0 0 0 0 100 0 0 100 0 100  2
(AQT986) QJ62 2 K3 S -- AQT986 QJ62-K3-2 6-4-2-1 0 0 0 0 0 0 0 0 0 0 100 0 0 0 0 3 100 0 0 0 0 0 0 0 100 0 0 100 0 100  2
(AQT986) QJ62 2 K3 S ++ AQT986 QJ62-K3-2 6-4-2-1 0 0 0 0 0 0 0 0 0 0 100 0 0 0 0 3 100 0 0 0 0 0 0 0 100 0 0 100 0 100  2
(AQT986) QJ62 2 K3 S NS AQT986 QJ62-K3-2 6-4-2-1 0 0 0 0 0 0 0 0 0 0 100 0 0 0 0 3 100 0 0 0 0 0 0 0 100 0 0 100 0 100  2
(AQT986) K3 QJ62 2 S EW AQT986 QJ62-K3-2 6-4-2-1 0 0 0 0 0 0 0 0 0 0 100 0 0 0 0 3 100 0 0 0 0 0 0 0 100 0 0 100 0 100  2
(AQT986) K3 QJ62 2 S -- AQT986 QJ62-K3-2 6-4-2-1 0 0 0 0 0 0 0 0 0 0 100 0 0 0 0 3 100 0 0 0 0 0 0 0 100 0 0 100 0 100  2
(AQT986) K3 QJ62 2 S ++ AQT986 QJ62-K3-2 6-4-2-1 0 0 0 0 0 0 0 0 0 0 100 0 0 0 0 3 100 0 0 0 0 0 0 0 100 0 0 100 0 100  2
(AQT986) K3 QJ62 2 S NS AQT986 QJ62-K3-2 6-4-2-1 0 0 0 0 0 0 0 0 0 0 100 0 0 0 0 3 100 0 0 0 0 0 0 0 100 0 0 100 0 100  2
(AQT986) 2 QJ62 K3 S EW AQT986 QJ62-K3-2 6-4-2-1 0 0 0 0 0 0 0 0 0 0 100 0 0 0 0 3 100 0 0 0 0 0 0 0 100 0 0 100 0 100  2
(AQT986) 2 QJ62 K3 S -- AQT986 QJ62-K3-2 6-4-2-1 0 0 0 0 0 0 0 0 0 0 100 0 0 0 0 3 100 0 0 0 0 0 0 0 100 0 0 100 0 100  2
(AQT986) 2 QJ62 K3 S ++ AQT986 QJ62-K3-2 6-4-2-1 0 0 0 0 0 0 0 0 0 0 100 0 0 0 0 3 100 0 0 0 0 0 0 0 100 0 0 100 0 100  2
(AQT986) 2 QJ62 K3 S NS AQT986 QJ62-K3-2 6-4-2-1 0 0 0 0 0 0 0 0 0 0 100 0 0 0 0 3 100 0 0 0 0 0 0 0 100 0 0 100 0 100  2
(AQT986) K3 2 QJ62 S EW AQT986 QJ62-K3-2 6-4-2-1 0 0 0 0 0 0 0 0 0 0 100 0 0 0 0 3 100 0 0 0 0 0 0 0 100 0 0 100 0 100  2
(AQT986) K3 2 QJ62 S -- AQT986 QJ62-K3-2 6-4-2-1 0 0 0 0 0 0 0 0 0 0 100 0 0 0 0 3 100 0 0 0 0 0 0 0 100 0 0 100 0 100  2
(AQT986) K3 2 QJ62 S ++ AQT986 QJ62-K3-2 6-4-2-1 0 0 0 0 0 0 0 0 0 0 100 0 0 0 0 3 100 0 0 0 0 0 0 0 100 0 0 100 0 100  2
(AQT986) K3 2 QJ62 S NS AQT986 QJ62-K3-2 6-4-2-1 0 0 0 0 0 0 0 0 0 0 100 0 0 0 0 3 100 0 0 0 0 0 0 0 100 0 0 100 0 100  2
(AQT986) 2 K3 QJ62 S EW AQT986 QJ62-K3-2 6-4-2-1 0 0 0 0 0 0 0 0 0 0 100 0 0 0 0 3 100 0 0 0 0 0 0 0 100 0 0 100 0 100  2
(AQT986) 2 K3 QJ62 S -- AQT986 QJ62-K3-2 6-4-2-1 0 0 0 0 0 0 0 0 0 0 100 0 0 0 0 3 100 0 0 0 0 0 0 0 100 0 0 100 0 100  2
(AQT986) 2 K3 QJ62 S ++ AQT986 QJ62-K3-2 6-4-2-1 0 0 0 0 0 0 0 0 0 0 100 0 0 0 0 3 100 0 0 0 0 0 0 0 100 0 0 100 0 100  2
(AQT986) 2 K3 QJ62 S NS AQT986 QJ62-K3-2 6-4-2-1 0 0 0 0 0 0 0 0 0 0 100 0 0 0 0 3 100 0 0 0 0 0 0 0 100 0 0 100 0 100  2
QJ62 (AQT986) K3 2 H EW AQT986 QJ62-K3-2 6-4-2-1 0 0 0 0 0 0 0 0 0 0 100 0 0 0 0 3 100 0 0 0 0 0 0 0 100 0 0 100 0 100  2
QJ62 (AQT986) K3 2 H -- AQT986 QJ62-K3-2 6-4-2-1 0 0 0 0 0 0 0 0 0 0 100 0 0 0 0 3 100 0 0 0 0 0 0 0 100 0 0 100 0 100  2
QJ62 (AQT986) K3 2 H ++ AQT986 QJ62-K3-2 6-4-2-1 0 0 0 0 0 0 0 0 0 0 100 0 0 0 0 3 100 0 0 0 0 0 0 0 100 0 0 100 0 100  2
QJ62 (AQT986) K3 2 H NS AQT986 QJ62-K3-2 6-4-2-1 0 0 0 0 0 0 0 0 0 0 100 0 0 0 0 3 100 0 0 0 0 0 0 0 100 0 0 100 0 100  2
QJ62 (AQT986) 2 K3 H EW AQT986 QJ62-K3-2 6-4-2-1 0 0 0 0 0 0 0 0 0 0 100 0 0 0 0 3 100 0 0 0 0 0 0 0 100 0 0 100 0 100  2
QJ62 (AQT986) 2 K3 H -- AQT986 QJ62-K3-2 6-4-2-1 0 0 0 0 0 0 0 0 0 0 100 0 0 0 0 3 100 0 0 0 0 0 0 0 100 0 0 100 0 100  2
QJ62 (AQT986) 2 K3 H ++ AQT986 QJ62-K3-2 6-4-2-1 0 0 0 0 0 0 0 0 0 0 100 0 0 0 0 3 100 0 0 0 0 0 0 0 100 0 0 100 0 100  2
QJ62 (AQT986) 2 K3 H NS AQT986 QJ62-K3-2 6-4-2-1 0 0 0 0 0 0 0 0 0 0 100 0 0 0 0 3 100 0 0 0 0 0 0 0 100 0 0 100 0 100  2
K3 (AQT986) QJ62 2 H EW AQT986 QJ62-K3-2 6-4-2-1 0 0 0 0 0 0 0 0 0 0 100 0 0 0 0 3 100 0 0 0 0 0 0 0 100 0 0 100 0 100  2
K3 (AQT986) QJ62 2 H -- AQT986 QJ62-K3-2 6-4-2-1 0 0 0 0 0 0 0 0 0 0 100 0 0 0 0 3 50 0 50 0 0 0 50 0 50 0 0 50 50 100  2
K3 (AQT986) QJ62 2 H ++ AQT986 QJ62-K3-2 6-4-2-1 0 0 0 0 0 0 0 0 0 0 100 0 0 0 0 3 100 0 0 0 0 0 0 0 100 0 0 100 0 100  2
K3 (AQT986) QJ62 2 H NS AQT986 QJ62-K3-2 6-4-2-1 0 0 0 0 0 0 0 0 0 0 100 0 0 0 0 3 50 0 50 0 0 0 50 0 50 0 0 50 50 100  2
2 (AQT986) QJ62 K3 H EW AQT986 QJ62-K3-2 6-4-2-1 0 0 0 0 0 0 0 0 0 0 100 0 0 0 0 3 100 0 0 0 0 0 0 0 100 0 0 100 0 100  2
2 (AQT986) QJ62 K3 H -- AQT986 QJ62-K3-2 6-4-2-1 0 0 0 0 0 0 0 0 0 0 100 0 0 0 0 3 100 0 0 0 0 0 0 0 100 0 0 100 0 100  2
2 (AQT986) QJ62 K3 H ++ AQT986 QJ62-K3-2 6-4-2-1 0 0 0 0 0 0 0 0 0 0 100 0 0 0 0 3 100 0 0 0 0 0 0 0 100 0 0 100 0 100  2
2 (AQT986) QJ62 K3 H NS AQT986 QJ62-K3-2 6-4-2-1 0 0 0 0 0 0 0 0 0 0 100 0 0 0 0 3 100 0 0 0 0 0 0 0 100 0 0 100 0 100  2
K3 (AQT986) 2 QJ62 H EW AQT986 QJ62-K3-2 6-4-2-1 0 0 0 0 0 0 0 0 0 0 100 0 0 0 0 3 100 0 0 0 0 0 0 0 100 0 0 100 0 100  2
K3 (AQT986) 2 QJ62 H -- AQT986 QJ62-K3-2 6-4-2-1 0 0 0 0 0 0 0 0 0 0 100 0 0 0 0 3 50 0 50 0 0 0 50 0 50 0 0 50 50 100  2
K3 (AQT986) 2 QJ62 H ++ AQT986 QJ62-K3-2 6-4-2-1 0 0 0 0 0 0 0 0 0 0 100 0 0 0 0 3 100 0 0 0 0 0 0 0 100 0 0 100 0 100  2
K3 (AQT986) 2 QJ62 H NS AQT986 QJ62-K3-2 6-4-2-1 0 0 0 0 0 0 0 0 0 0 100 0 0 0 0 3 50 0 50 0 0 0 50 0 50 0 0 50 50 100  2
2 (AQT986) K3 QJ62 H EW AQT986 QJ62-K3-2 6-4-2-1 0 0 0 0 0 0 0 0 0 0 100 0 0 0 0 3 100 0 0 0 0 0 0 0 100 0 0 100 0 100  2
2 (AQT986) K3 QJ62 H -- AQT986 QJ62-K3-2 6-4-2-1 0 0 0 0 0 0 0 0 0 0 100 0 0 0 0 3 100 0 0 0 0 0 0 0 100 0 0 100 0 100  2
2 (AQT986) K3 QJ62 H ++ AQT986 QJ62-K3-2 6-4-2-1 0 0 0 0 0 0 0 0 0 0 100 0 0 0 0 3 100 0 0 0 0 0 0 0 100 0 0 100 0 100  2
2 (AQT986) K3 QJ62 H NS AQT986 QJ62-K3-2 6-4-2-1 0 0 0 0 0 0 0 0 0 0 100 0 0 0 0 3 100 0 0 0 0 0 0 0 100 0 0 100 0 100  2
QJ62 K3 (AQT986) 2 D EW AQT986 QJ62-K3-2 6-4-2-1 50 0 0 0 0 0 0 0 0 0 50 0 0 0 0 3 50 0 50 0 0 0 0 50 50 0 0 100 0 50  2
QJ62 K3 (AQT986) 2 D -- AQT986 QJ62-K3-2 6-4-2-1 50 0 0 0 0 0 0 0 0 0 50 0 0 0 0 3 0 0 100 0 0 0 50 50 0 0 0 50 50 50  2
QJ62 K3 (AQT986) 2 D ++ AQT986 QJ62-K3-2 6-4-2-1 50 0 0 0 0 0 0 0 0 0 50 0 0 0 0 3 50 0 50 0 0 0 0 50 50 0 0 100 0 50  2
QJ62 K3 (AQT986) 2 D NS AQT986 QJ62-K3-2 6-4-2-1 50 0 0 0 0 0 0 0 0 0 50 0 0 0 0 3 0 0 100 0 0 0 50 50 0 0 0 50 50 50  2
QJ62 2 (AQT986) K3 D EW AQT986 QJ62-K3-2 6-4-2-1 0 0 0 0 0 0 0 0 0 0 100 0 0 0 0 3 100 0 0 0 0 0 0 0 100 0 0 100 0 100  2
QJ62 2 (AQT986) K3 D -- AQT986 QJ62-K3-2 6-4-2-1 0 0 0 0 0 0 0 0 0 0 100 0 0 0 0 3 100 0 0 0 0 0 0 0 100 0 0 100 0 100  2
QJ62 2 (AQT986) K3 D ++ AQT986 QJ62-K3-2 6-4-2-1 0 0 0 0 0 0 0 0 0 0 100 0 0 0 0 3 100 0 0 0 0 0 0 0 100 0 0 100 0 100  2
QJ62 2 (AQT986) K3 D NS AQT986 QJ62-K3-2 6-4-2-1 0 0 0 0 0 0 0 0 0 0 100 0 0 0 0 3 100 0 0 0 0 0 0 0 100 0 0 100 0 100  2
K3 QJ62 (AQT986) 2 D EW AQT986 QJ62-K3-2 6-4-2-1 50 0 0 0 0 0 0 0 0 0 50 0 0 0 0 3 50 0 50 0 0 0 0 50 50 0 0 100 0 50  2
K3 QJ62 (AQT986) 2 D -- AQT986 QJ62-K3-2 6-4-2-1 50 0 0 0 0 0 0 0 0 0 50 0 0 0 0 3 0 0 100 0 0 0 50 50 0 0 0 50 50 50  2
K3 QJ62 (AQT986) 2 D ++ AQT986 QJ62-K3-2 6-4-2-1 50 0 0 0 0 0 0 0 0 0 50 0 0 0 0 3 50 0 50 0 0 0 0 50 50 0 0 100 0 50  2
K3 QJ62 (AQT986) 2 D NS AQT986 QJ62-K3-2 6-4-2-1 50 0 0 0 0 0 0 0 0 0 50 0 0 0 0 3 0 0 100 0 0 0 50 50 0 0 0 50 50 50  2
2 QJ62 (AQT986) K3 D EW AQT986 QJ62-K3-2 6-4-2-1 0 0 0 0 0 0 0 0 0 0 100 0 0 0 0 3 100 0 0 0 0 0 0 0 100 0 0 100 0 100  2
2 QJ62 (AQT986) K3 D -- AQT986 QJ62-K3-2 6-4-2-1 0 0 0 0 0 0 0 0 0 0 100 0 0 0 0 3 100 0 0 0 0 0 0 0 100 0 0 100 0 100  2
2 QJ62 (AQT986) K3 D ++ AQT986 QJ62-K3-2 6-4-2-1 0 0 0 0 0 0 0 0 0 0 100 0 0 0 0 3 100 0 0 0 0 0 0 0 100 0 0 100 0 100  2
2 QJ62 (AQT986) K3 D NS AQT986 QJ62-K3-2 6-4-2-1 0 0 0 0 0 0 0 0 0 0 100 0 0 0 0 3 100 0 0 0 0 0 0 0 100 0 0 100 0 100  2
K3 2 (AQT986) QJ62 D EW AQT986 QJ62-K3-2 6-4-2-1 50 0 0 0 0 0 0 0 0 0 50 0 0 0 0 3 50 0 50 0 0 0 0 50 50 0 0 100 0 50  2
K3 2 (AQT986) QJ62 D -- AQT986 QJ62-K3-2 6-4-2-1 50 0 0 0 0 0 0 0 0 0 50 0 0 0 0 3 0 0 100 0 0 0 50 50 0 0 0 50 50 50  2
K3 2 (AQT986) QJ62 D ++ AQT986 QJ62-K3-2 6-4-2-1 50 0 0 0 0 0 0 0 0 0 50 0 0 0 0 3 50 0 50 0 0 0 0 50 50 0 0 100 0 50  2
K3 2 (AQT986) QJ62 D NS AQT986 QJ62-K3-2 6-4-2-1 50 0 0 0 0 0 0 0 0 0 50 0 0 0 0 3 0 0 100 0 0 0 50 50 0 0 0 50 50 50  2
2 K3 (AQT986) QJ62 D EW AQT986 QJ62-K3-2 6-4-2-1 50 0 0 0 0 0 0 0 0 0 50 0 0 0 0 3 50 0 50 0 0 0 0 50 50 0 0 100 0 50  2
2 K3 (AQT986) QJ62 D -- AQT986 QJ62-K3-2 6-4-2-1 50 0 0 0 0 0 0 0 0 0 50 0 0 0 0 3 0 0 100 0 0 0 50 50 0 0 0 50 50 50  2
2 K3 (AQT986) QJ62 D ++ AQT986 QJ62-K3-2 6-4-2-1 50 0 0 0 0 0 0 0 0 0 50 0 0 0 0 3 50 0 50 0 0 0 0 50 50 0 0 100 0 50  2
2 K3 (AQT986) QJ62 D NS AQT986 QJ62-K3-2 6-4-2-1 50 0 0 0 0 0 0 0 0 0 50 0 0 0 0 3 0 0 100 0 0 0 50 50 0 0 0 50 50 50  2
QJ62 K3 2 (AQT986) C EW AQT986 QJ62-K3-2 6-4-2-1 50 0 0 0 0 0 0 0 0 0 50 0 0 0 0 3 50 0 50 0 0 0 0 50 50 0 0 100 0 50  2
QJ62 K3 2 (AQT986) C -- AQT986 QJ62-K3-2 6-4-2-1 50 0 0 0 0 0 0 0 0 0 50 0 0 0 0 3 0 0 100 0 0 0 50 50 0 0 0 50 50 50  2
QJ62 K3 2 (AQT986) C ++ AQT986 QJ62-K3-2 6-4-2-1 50 0 0 0 0 0 0 0 0 0 50 0 0 0 0 3 50 0 50 0 0 0 0 50 50 0 0 100 0 50  2
QJ62 K3 2 (AQT986) C NS AQT986 QJ62-K3-2 6-4-2-1 50 0 0 0 0 0 0 0 0 0 50 0 0 0 0 3 0 0 100 0 0 0 50 50 0 0 0 50 50 50  2
QJ62 2 K3 (AQT986) C EW AQT986 QJ62-K3-2 6-4-2-1 0 0 0 0 0 0 0 0 0 0 100 0 0 0 0 3 100 0 0 0 0 0 0 0 100 0 0 100 0 100  2
QJ62 2 K3 (AQT986) C -- AQT986 QJ62-K3-2 6-4-2-1 0 0 0 0 0 0 0 0 0 0 100 0 0 0 0 3 50 0 50 0 0 0 50 0 50 0 0 50 50 100  2
QJ62 2 K3 (AQT986) C ++ AQT986 QJ62-K3-2 6-4-2-1 0 0 0 0 0 0 0 0 0 0 100 0 0 0 0 3 100 0 0 0 0 0 0 0 100 0 0 100 0 100  2
QJ62 2 K3 (AQT986) C NS AQT986 QJ62-K3-2 6-4-2-1 0 0 0 0 0 0 0 0 0 0 100 0 0 0 0 3 50 0 50 0 0 0 50 0 50 0 0 50 50 100  2
K3 QJ62 2 (AQT986) C EW AQT986 QJ62-K3-2 6-4-2-1 50 0 0 0 0 0 0 0 0 0 50 0 0 0 0 3 50 0 50 0 0 0 0 50 50 0 0 100 0 50  2
K3 QJ62 2 (AQT986) C -- AQT986 QJ62-K3-2 6-4-2-1 50 0 0 0 0 0 0 0 0 0 50 0 0 0 0 3 0 0 100 0 0 0 50 50 0 0 0 50 50 50  2
K3 QJ62 2 (AQT986) C ++ AQT986 QJ62-K3-2 6-4-2-1 50 0 0 0 0 0 0 0 0 0 50 0 0 0 0 3 50 0 50 0 0 0 0 50 50 0 0 100 0 50  2
K3 QJ62 2 (AQT986) C NS AQT986 QJ62-K3-2 6-4-2-1 50 0 0 0 0 0 0 0 0 0 50 0 0 0 0 3 0 0 100 0 0 0 50 50 0 0 0 50 50 50  2
2 QJ62 K3 (AQT986) C EW AQT986 QJ62-K3-2 6-4-2-1 0 0 0 0 0 0 0 0 0 0 100 0 0 0 0 3 100 0 0 0 0 0 0 0 100 0 0 100 0 100  2
2 QJ62 K3 (AQT986) C -- AQT986 QJ62-K3-2 6-4-2-1 0 0 0 0 0 0 0 0 0 0 100 0 0 0 0 3 50 0 50 0 0 0 50 0 50 0 0 50 50 100  2
2 QJ62 K3 (AQT986) C ++ AQT986 QJ62-K3-2 6-4-2-1 0 0 0 0 0 0 0 0 0 0 100 0 0 0 0 3 100 0 0 0 0 0 0 0 100 0 0 100 0 100  2
2 QJ62 K3 (AQT986) C NS AQT986 QJ62-K3-2 6-4-2-1 0 0 0 0 0 0 0 0 0 0 100 0 0 0 0 3 50 0 50 0 0 0 50 0 50 0 0 50 50 100  2
K3 2 QJ62 (AQT986) C EW AQT986 QJ62-K3-2 6-4-2-1 50 0 0 0 0 0 0 0 0 0 50 0 0 0 0 3 50 0 50 0 0 0 0 50 50 0 0 100 0 50  2
K3 2 QJ62 (AQT986) C -- AQT986 QJ62-K3-2 6-4-2-1 50 0 0 0 0 0 0 0 0 0 50 0 0 0 0 3 0 0 100 0 0 0 50 50 0 0 0 50 50 50  2
K3 2 QJ62 (AQT986) C ++ AQT986 QJ62-K3-2 6-4-2-1 50 0 0 0 0 0 0 0 0 0 50 0 0 0 0 3 50 0 50 0 0 0 0 50 50 0 0 100 0 50  2
K3 2 QJ62 (AQT986) C NS AQT986 QJ62-K3-2 6-4-2-1 50 0 0 0 0 0 0 0 0 0 50 0 0 0 0 3 0 0 100 0 0 0 50 50 0 0 0 50 50 50  2
2 K3 QJ62 (AQT986) C EW AQT986 QJ62-K3-2 6-4-2-1 50 0 0 0 0 0 0 0 0 0 50 0 0 0 0 3 50 0 50 0 0 0 0 50 50 0 0 100 0 50  2
2 K3 QJ62 (AQT986) C -- AQT986 QJ62-K3-2 6-4-2-1 50 0 0 0 0 0 0 0 0 0 50 0 0 0 0 3 0 0 100 0 0 0 50 50 0 0 0 50 50 50  2
2 K3 QJ62 (AQT986) C ++ AQT986 QJ62-K3-2 6-4-2-1 50 0 0 0 0 0 0 0 0 0 50 0 0 0 0 3 50 0 50 0 0 0 0 50 50 0 0 100 0 50  2
2 K3 QJ62 (AQT986) C NS AQT986 QJ62-K3-2 6-4-2-1 50 0 0 0 0 0 0 0 0 0 50 0 0 0 0 3 0 0 100 0 0 0 50 50 0 0 0 50 50 50  2
(AQT986) A954 85 5 S EW AQT986 A954-85-5 6-4-2-1 0 0 0 0 0 0 0 0 0 0 50 50 0 0 0 3.5 100 0 0 0 0 0 0 0 100 0 0 100 0 100  2
(AQT986) A954 85 5 S -- AQT986 A954-85-5 6-4-2-1 0 0 0 0 0 0 0 0 0 0 50 50 0 0 0 3.5 50 0 50 0 0 0 50 0 50 0 0 50 50 100  2
(AQT986) A954 85 5 S ++ AQT986 A954-85-5 6-4-2-1 0 0 0 0 0 0 0 0 0 0 50 50 0 0 0 3.5 100 0 0 0 0 0 0 0 100 0 0 100 0 100  2
(AQT986) A954 85 5 S NS AQT986 A954-85-5 6-4-2-1 0 0 0 0 0 0 0 0 0 0 50 50 0 0 0 3.5 0 0 100 0 0 0 100 0 0 0 0 0 100 100  2
(AQT986) A954 5 85 S EW AQT986 A954-85-5 6-4-2-1 0 0 0 0 0 0 0 0 0 0 50 50 0 0 0 3.5 100 0 0 0 0 0 0 0 100 0 0 100 0 100  2
(AQT986) A954 5 85 S -- AQT986 A954-85-5 6-4-2-1 0 0 0 0 0 0 0 0 0 0 50 50 0 0 0 3.5 50 0 50 0 0 0 50 0 50 0 0 50 50 100  2
(AQT986) A954 5 85 S ++ AQT986 A954-85-5 6-4-2-1 0 0 0 0 0 0 0 0 0 0 50 50 0 0 0 3.5 100 0 0 0 0 0 0 0 100 0 0 100 0 100  2
(AQT986) A954 5 85 S NS AQT986 A954-85-5 6-4-2-1 0 0 0 0 0 0 0 0 0 0 50 50 0 0 0 3.5 0 0 100 0 0 0 100 0 0 0 0 0 100 100  2
(AQT986) 85 A954 5 S EW AQT986 A954-85-5 6-4-2-1 0 0 0 0 0 0 0 0 0 0 50 50 0 0 0 3.5 100 0 0 0 0 0 0 0 100 0 0 100 0 100  2
(AQT986) 85 A954 5 S -- AQT986 A954-85-5 6-4-2-1 0 0 0 0 0 0 0 0 0 0 50 50 0 0 0 3.5 50 0 50 0 0 0 50 0 50 0 0 50 50 100  2
(AQT986) 85 A954 5 S ++ AQT986 A954-85-5 6-4-2-1 0 0 0 0 0 0 0 0 0 0 50 50 0 0 0 3.5 100 0 0 0 0 0 0 0 100 0 0 100 0 100  2
(AQT986) 85 A954 5 S NS AQT986 A954-85-5 6-4-2-1 0 0 0 0 0 0 0 0 0 0 50 50 0 0 0 3.5 0 0 100 0 0 0 100 0 0 0 0 0 100 100  2
(AQT986) 5 A954 85 S EW AQT986 A954-85-5 6-4-2-1 0 0 0 0 0 0 0 0 0 0 50 50 0 0 0 3.5 100 0 0 0 0 0 0 0 100 0 0 100 0 100  2
(AQT986) 5 A954 85 S -- AQT986 A954-85-5 6-4-2-1 0 0 0 0 0 0 0 0 0 0 50 50 0 0 0 3.5 50 0 50 0 0 0 50 0 50 0 0 50 50 100  2
(AQT986) 5 A954 85 S ++ AQT986 A954-85-5 6-4-2-1 0 0 0 0 0 0 0 0 0 0 50 50 0 0 0 3.5 100 0 0 0 0 0 0 0 100 0 0 100 0 100  2
(AQT986) 5 A954 85 S NS AQT986 A954-85-5 6-4-2-1 0 0 0 0 0 0 0 0 0 0 50 50 0 0 0 3.5 0 0 100 0 0 0 100 0 0 0 0 0 100 100  2
(AQT986) 85 5 A954 S EW AQT986 A954-85-5 6-4-2-1 0 0 0 0 0 0 0 0 0 0 50 50 0 0 0 3.5 100 0 0 0 0 0 0 0 100 0 0 100 0 100  2
(AQT986) 85 5 A954 S -- AQT986 A954-85-5 6-4-2-1 0 0 0 0 0 0 0 0 0 0 50 50 0 0 0 3.5 50 0 50 0 0 0 50 0 50 0 0 50 50 100  2
(AQT986) 85 5 A954 S ++ AQT986 A954-85-5 6-4-2-1 0 0 0 0 0 0 0 0 0 0 50 50 0 0 0 3.5 100 0 0 0 0 0 0 0 100 0 0 100 0 100  2
(AQT986) 85 5 A954 S NS AQT986 A954-85-5 6-4-2-1 0 0 0 0 0 0 0 0 0 0 50 50 0 0 0 3.5 0 0 100 0 0 0 100 0 0 0 0 0 100 100  2
(AQT986) 5 85 A954 S EW AQT986 A954-85-5 6-4-2-1 0 0 0 0 0 0 0 0 0 0 50 50 0 0 0 3.5 100 0 0 0 0 0 0 0 100 0 0 100 0 100  2
(AQT986) 5 85 A954 S -- AQT986 A954-85-5 6-4-2-1 0 0 0 0 0 0 0 0 0 0 50 50 0 0 0 3.5 50 0 50 0 0 0 50 0 50 0 0 50 50 100  2
(AQT986) 5 85 A954 S ++ AQT986 A954-85-5 6-4-2-1 0 0 0 0 0 0 0 0 0 0 50 50 0 0 0 3.5 100 0 0 0 0 0 0 0 100 0 0 100 0 100  2
(AQT986) 5 85 A954 S NS AQT986 A954-85-5 6-4-2-1 0 0 0 0 0 0 0 0 0 0 50 50 0 0 0 3.5 0 0 100 0 0 0 100 0 0 0 0 0 100 100  2
A954 (AQT986) 85 5 H EW AQT986 A954-85-5 6-4-2-1 0 0 0 0 0 0 0 0 0 0 50 50 0 0 0 3.5 100 0 0 0 0 0 0 0 100 0 0 100 0 100  2
A954 (AQT986) 85 5 H -- AQT986 A954-85-5 6-4-2-1 0 0 0 0 0 0 0 0 0 0 50 50 0 0 0 3.5 50 0 50 0 0 0 50 0 50 0 0 50 50 100  2
A954 (AQT986) 85 5 H ++ AQT986 A954-85-5 6-4-2-1 0 0 0 0 0 0 0 0 0 0 50 50 0 0 0 3.5 100 0 0 0 0 0 0 0 100 0 0 100 0 100  2
A954 (AQT986) 85 5 H NS AQT986 A954-85-5 6-4-2-1 0 0 0 0 0 0 0 0 0 0 50 50 0 0 0 3.5 0 0 100 0 0 0 100 0 0 0 0 0 100 100  2
A954 (AQT986) 5 85 H EW AQT986 A954-85-5 6-4-2-1 0 0 0 0 0 0 0 0 0 0 50 50 0 0 0 3.5 100 0 0 0 0 0 0 0 100 0 0 100 0 100  2
A954 (AQT986) 5 85 H -- AQT986 A954-85-5 6-4-2-1 0 0 0 0 0 0 0 0 0 0 50 50 0 0 0 3.5 50 0 50 0 0 0 50 0 50 0 0 50 50 100  2
A954 (AQT986) 5 85 H ++ AQT986 A954-85-5 6-4-2-1 0 0 0 0 0 0 0 0 0 0 50 50 0 0 0 3.5 100 0 0 0 0 0 0 0 100 0 0 100 0 100  2
A954 (AQT986) 5 85 H NS AQT986 A954-85-5 6-4-2-1 0 0 0 0 0 0 0 0 0 0 50 50 0 0 0 3.5 0 0 100 0 0 0 100 0 0 0 0 0 100 100  2
85 (AQT986) A954 5 H EW AQT986 A954-85-5 6-4-2-1 0 0 0 0 0 0 0 0 0 0 0 100 0 0 0 4 50 50 0 0 0 0 0 0 50 0 50 100 50 100  2
85 (AQT986) A954 5 H -- AQT986 A954-85-5 6-4-2-1 0 0 0 0 0 0 0 0 0 0 0 100 0 0 0 4 0 50 50 0 0 0 50 0 0 0 50 50 100 100  2
85 (AQT986) A954 5 H ++ AQT986 A954-85-5 6-4-2-1 0 0 0 0 0 0 0 0 0 0 50 50 0 0 0 3.5 0 0 100 0 50 0 50 0 0 0 0 0 50 100  2
85 (AQT986) A954 5 H NS AQT986 A954-85-5 6-4-2-1 0 0 0 0 0 0 0 0 0 0 50 50 0 0 0 3.5 0 0 100 0 50 0 50 0 0 0 0 0 50 100  2
5 (AQT986) A954 85 H EW AQT986 A954-85-5 6-4-2-1 0 0 0 0 0 0 0 0 0 0 0 100 0 0 0 4 50 50 0 0 0 0 0 0 50 0 50 100 50 100  2
5 (AQT986) A954 85 H -- AQT986 A954-85-5 6-4-2-1 0 0 0 0 0 0 0 0 0 0 0 100 0 0 0 4 50 50 0 0 0 0 0 0 50 0 50 100 50 100  2
5 (AQT986) A954 85 H ++ AQT986 A954-85-5 6-4-2-1 0 0 0 0 0 0 0 0 0 0 50 50 0 0 0 3.5 50 0 50 0 50 0 0 0 50 0 0 50 0 100  2
5 (AQT986) A954 85 H NS AQT986 A954-85-5 6-4-2-1 0 0 0 0 0 0 0 0 0 0 50 50 0 0 0 3.5 0 0 100 0 50 0 50 0 0 0 0 0 50 100  2
85 (AQT986) 5 A954 H EW AQT986 A954-85-5 6-4-2-1 0 0 0 0 0 0 0 0 0 0 0 100 0 0 0 4 50 50 0 0 0 0 0 0 50 0 50 100 50 100  2
85 (AQT986) 5 A954 H -- AQT986 A954-85-5 6-4-2-1 0 0 0 0 0 0 0 0 0 0 0 100 0 0 0 4 0 50 50 0 0 0 50 0 0 0 50 50 100 100  2
85 (AQT986) 5 A954 H ++ AQT986 A954-85-5 6-4-2-1 0 0 0 0 0 0 0 0 0 0 50 50 0 0 0 3.5 0 0 100 0 50 0 50 0 0 0 0 0 50 100  2
85 (AQT986) 5 A954 H NS AQT986 A954-85-5 6-4-2-1 0 0 0 0 0 0 0 0 0 0 50 50 0 0 0 3.5 0 0 100 0 50 0 50 0 0 0 0 0 50 100  2
5 (AQT986) 85 A954 H EW AQT986 A954-85-5 6-4-2-1 0 0 0 0 0 0 0 0 0 0 0 100 0 0 0 4 50 50 0 0 0 0 0 0 50 0 50 100 50 100  2
5 (AQT986) 85 A954 H -- AQT986 A954-85-5 6-4-2-1 0 0 0 0 0 0 0 0 0 0 0 100 0 0 0 4 50 50 0 0 0 0 0 0 50 0 50 100 50 100  2
5 (AQT986) 85 A954 H ++ AQT986 A954-85-5 6-4-2-1 0 0 0 0 0 0 0 0 0 0 50 50 0 0 0 3.5 50 0 50 0 50 0 0 0 50 0 0 50 0 100  2
5 (AQT986) 85 A954 H NS AQT986 A954-85-5 6-4-2-1 0 0 0 0 0 0 0 0 0 0 50 50 0 0 0 3.5 0 0 100 0 50 0 50 0 0 0 0 0 50 100  2
A954 85 (AQT986) 5 D EW AQT986 A954-85-5 6-4-2-1 50 0 0 0 0 0 0 0 0 0 0 50 0 0 0 4 0 50 50 0 0 0 0 50 0 0 50 100 50 50  2
A954 85 (AQT986) 5 D -- AQT986 A954-85-5 6-4-2-1 50 0 0 0 0 0 0 0 0 0 0 50 0 0 0 4 0 50 50 0 0 0 0 50 0 0 50 100 50 50  2
A954 85 (AQT986) 5 D ++ AQT986 A954-85-5 6-4-2-1 50 0 0 0 0 0 0 0 0 0 50 0 0 0 0 3 0 0 100 0 50 0 0 50 0 0 0 50 0 50  2
A954 85 (AQT986) 5 D NS AQT986 A954-85-5 6-4-2-1 50 0 0 0 0 0 0 0 0 0 50 0 0 0 0 3 0 0 100 0 50 50 0 0 0 0 0 0 50 50  2
A954 5 (AQT986) 85 D EW AQT986 A954-85-5 6-4-2-1 50 0 0 0 0 0 0 0 0 0 0 50 0 0 0 4 0 50 50 0 0 0 0 50 0 0 50 100 50 50  2
A954 5 (AQT986) 85 D -- AQT986 A954-85-5 6-4-2-1 50 0 0 0 0 0 0 0 0 0 0 50 0 0 0 4 0 50 50 0 0 0 0 50 0 0 50 100 50 50  2
A954 5 (AQT986) 85 D ++ AQT986 A954-85-5 6-4-2-1 50 0 0 0 0 0 0 0 0 0 50 0 0 0 0 3 0 0 100 0 50 0 0 50 0 0 0 50 0 50  2
A954 5 (AQT986) 85 D NS AQT986 A954-85-5 6-4-2-1 50 0 0 0 0 0 0 0 0 0 50 0 0 0 0 3 0 0 100 0 50 50 0 0 0 0 0 0 50 50  2
85 A954 (AQT986) 5 D EW AQT986 A954-85-5 6-4-2-1 50 0 0 0 0 0 0 0 0 0 0 50 0 0 0 4 0 50 50 0 0 0 0 50 0 0 50 100 50 50  2
85 A954 (AQT986) 5 D -- AQT986 A954-85-5 6-4-2-1 50 0 0 0 0 0 0 0 0 0 0 50 0 0 0 4 0 50 50 0 0 50 0 0 0 0 50 50 100 50  2
85 A954 (AQT986) 5 D ++ AQT986 A954-85-5 6-4-2-1 50 0 0 0 0 0 0 0 0 0 50 0 0 0 0 3 0 0 100 0 50 50 0 0 0 0 0 0 50 50  2
85 A954 (AQT986) 5 D NS AQT986 A954-85-5 6-4-2-1 50 0 0 0 0 0 0 0 0 0 50 0 0 0 0 3 0 0 100 0 50 50 0 0 0 0 0 0 50 50  2
5 A954 (AQT986) 85 D EW AQT986 A954-85-5 6-4-2-1 50 0 0 0 0 0 0 0 0 0 0 50 0 0 0 4 0 50 50 0 0 0 0 50 0 0 50 100 50 50  2
5 A954 (AQT986) 85 D -- AQT986 A954-85-5 6-4-2-1 50 0 0 0 0 0 0 0 0 0 0 50 0 0 0 4 0 50 50 0 0 0 0 50 0 0 50 100 50 50  2
5 A954 (AQT986) 85 D ++ AQT986 A954-85-5 6-4-2-1 50 0 0 0 0 0 0 0 0 0 50 0 0 0 0 3 0 0 100 0 50 0 0 50 0 0 0 50 0 50  2
5 A954 (AQT986) 85 D NS AQT986 A954-85-5 6-4-2-1 50 0 0 0 0 0 0 0 0 0 50 0 0 0 0 3 0 0 100 0 50 50 0 0 0 0 0 0 50 50  2
85 5 (AQT986) A954 D EW AQT986 A954-85-5 6-4-2-1 0 0 0 0 0 0 0 0 0 0 0 100 0 0 0 4 50 50 0 0 0 0 0 0 50 0 50 100 50 100  2
85 5 (AQT986) A954 D -- AQT986 A954-85-5 6-4-2-1 0 0 0 0 0 0 0 0 0 0 0 100 0 0 0 4 50 50 0 0 0 0 0 0 50 0 50 100 50 100  2
85 5 (AQT986) A954 D ++ AQT986 A954-85-5 6-4-2-1 0 0 0 0 0 0 0 0 0 0 50 50 0 0 0 3.5 50 0 50 0 50 0 0 0 50 0 0 50 0 100  2
85 5 (AQT986) A954 D NS AQT986 A954-85-5 6-4-2-1 0 0 0 0 0 0 0 0 0 0 50 50 0 0 0 3.5 50 0 50 0 50 0 0 0 50 0 0 50 0 100  2
5 85 (AQT986) A954 D EW AQT986 A954-85-5 6-4-2-1 0 0 0 0 0 0 0 0 0 0 0 100 0 0 0 4 50 50 0 0 0 0 0 0 50 0 50 100 50 100  2
5 85 (AQT986) A954 D -- AQT986 A954-85-5 6-4-2-1 0 0 0 0 0 0 0 0 0 0 0 100 0 0 0 4 50 50 0 0 0 0 0 0 50 0 50 100 50 100  2
5 85 (AQT986) A954 D ++ AQT986 A954-85-5 6-4-2-1 0 0 0 0 0 0 0 0 0 0 50 50 0 0 0 3.5 50 0 50 0 50 0 0 0 50 0 0 50 0 100  2
5 85 (AQT986) A954 D NS AQT986 A954-85-5 6-4-2-1 0 0 0 0 0 0 0 0 0 0 50 50 0 0 0 3.5 50 0 50 0 50 0 0 0 50 0 0 50 0 100  2
A954 85 5 (AQT986) C EW AQT986 A954-85-5 6-4-2-1 50 0 0 0 0 0 0 0 0 0 0 50 0 0 0 4 0 50 50 0 0 0 0 50 0 0 50 100 50 50  2
A954 85 5 (AQT986) C -- AQT986 A954-85-5 6-4-2-1 50 0 0 0 0 0 0 0 0 0 0 50 0 0 0 4 0 50 50 0 0 0 0 50 0 0 50 100 50 50  2
A954 85 5 (AQT986) C ++ AQT986 A954-85-5 6-4-2-1 50 0 0 0 0 0 0 0 0 0 50 0 0 0 0 3 0 0 100 0 50 0 0 50 0 0 0 50 0 50  2
A954 85 5 (AQT986) C NS AQT986 A954-85-5 6-4-2-1 50 0 0 0 0 0 0 0 0 0 50 0 0 0 0 3 0 0 100 0 50 50 0 0 0 0 0 0 50 50  2
A954 5 85 (AQT986) C EW AQT986 A954-85-5 6-4-2-1 50 0 0 0 0 0 0 0 0 0 0 50 0 0 0 4 0 50 50 0 0 0 0 50 0 0 50 100 50 50  2
A954 5 85 (AQT986) C -- AQT986 A954-85-5 6-4-2-1 50 0 0 0 0 0 0 0 0 0 0 50 0 0 0 4 0 50 50 0 0 0 0 50 0 0 50 100 50 50  2
A954 5 85 (AQT986) C ++ AQT986 A954-85-5 6-4-2-1 50 0 0 0 0 0 0 0 0 0 50 0 0 0 0 3 0 0 100 0 50 0 0 50 0 0 0 50 0 50  2
A954 5 85 (AQT986) C NS AQT986 A954-85-5 6-4-2-1 50 0 0 0 0 0 0 0 0 0 50 0 0 0 0 3 0 0 100 0 50 50 0 0 0 0 0 0 50 50  2
85 A954 5 (AQT986) C EW AQT986 A954-85-5 6-4-2-1 50 0 0 0 0 0 0 0 0 0 0 50 0 0 0 4 0 50 50 0 0 0 0 50 0 0 50 100 50 50  2
85 A954 5 (AQT986) C -- AQT986 A954-85-5 6-4-2-1 50 0 0 0 0 0 0 0 0 0 0 50 0 0 0 4 0 50 50 0 0 50 0 0 0 0 50 50 100 50  2
85 A954 5 (AQT986) C ++ AQT986 A954-85-5 6-4-2-1 50 0 0 0 0 0 0 0 0 0 50 0 0 0 0 3 0 0 100 0 50 50 0 0 0 0 0 0 50 50  2
85 A954 5 (AQT986) C NS AQT986 A954-85-5 6-4-2-1 50 0 0 0 0 0 0 0 0 0 50 0 0 0 0 3 0 0 100 0 50 50 0 0 0 0 0 0 50 50  2
5 A954 85 (AQT986) C EW AQT986 A954-85-5 6-4-2-1 50 0 0 0 0 0 0 0 0 0 0 50 0 0 0 4 0 50 50 0 0 0 0 50 0 0 50 100 50 50  2
5 A954 85 (AQT986) C -- AQT986 A954-85-5 6-4-2-1 50 0 0 0 0 0 0 0 0 0 0 50 0 0 0 4 0 50 50 0 0 0 0 50 0 0 50 100 50 50  2
5 A954 85 (AQT986) C ++ AQT986 A954-85-5 6-4-2-1 50 0 0 0 0 0 0 0 0 0 50 0 0 0 0 3 0 0 100 0 50 0 0 50 0 0 0 50 0 50  2
5 A954 85 (AQT986) C NS AQT986 A954-85-5 6-4-2-1 50 0 0 0 0 0 0 0 0 0 50 0 0 0 0 3 0 0 100 0 50 50 0 0 0 0 0 0 50 50  2
85 5 A954 (AQT986) C EW AQT986 A954-85-5 6-4-2-1 0 0 0 0 0 0 0 0 0 0 0 100 0 0 0 4 50 50 0 0 0 0 0 0 50 0 50 100 50 100  2
85 5 A954 (AQT986) C -- AQT986 A954-85-5 6-4-2-1 0 0 0 0 0 0 0 0 0 0 0 100 0 0 0 4 50 50 0 0 0 0 0 0 50 0 50 100 50 100  2
85 5 A954 (AQT986) C ++ AQT986 A954-85-5 6-4-2-1 0 0 0 0 0 0 0 0 0 0 50 50 0 0 0 3.5 50 0 50 0 50 0 0 0 50 0 0 50 0 100  2
85 5 A954 (AQT986) C NS AQT986 A954-85-5 6-4-2-1 0 0 0 0 0 0 0 0 0 0 50 50 0 0 0 3.5 50 0 50 0 50 0 0 0 50 0 0 50 0 100  2
5 85 A954 (AQT986) C EW AQT986 A954-85-5 6-4-2-1 0 0 0 0 0 0 0 0 0 0 0 100 0 0 0 4 50 50 0 0 0 0 0 0 50 0 50 100 50 100  2
5 85 A954 (AQT986) C -- AQT986 A954-85-5 6-4-2-1 0 0 0 0 0 0 0 0 0 0 0 100 0 0 0 4 50 50 0 0 0 0 0 0 50 0 50 100 50 100  2
5 85 A954 (AQT986) C ++ AQT986 A954-85-5 6-4-2-1 0 0 0 0 0 0 0 0 0 0 50 50 0 0 0 3.5 50 0 50 0 50 0 0 0 50 0 0 50 0 100  2
5 85 A954 (AQT986) C NS AQT986 A954-85-5 6-4-2-1 0 0 0 0 0 0 0 0 0 0 50 50 0 0 0 3.5 50 0 50 0 50 0 0 0 50 0 0 50 0 100  2
