S H D C Bid Vul Combo OtherCombo HandPattern NO -6 -5 -4 -3 -2 -1 0 1 2 3 4 5 6 7 avg ParPos ParNeg noPar b000 b001 b010 b011 b100 b101 b110 b111 b1xx bx1x bxx1  Cnt
(Q86543) A732 KQ A S EW Q86543 A732-KQ-A 6-4-2-1 0 0 0 0 0 0 0 0 50 0 0 0 50 0 0 3 50 0 50 0 0 0 0 0 50 50 0 100 50 50  2
(Q86543) A732 KQ A S -- Q86543 A732-KQ-A 6-4-2-1 0 0 0 0 0 0 0 0 50 0 0 0 50 0 0 3 50 0 50 0 0 0 0 0 50 50 0 100 50 50  2
(Q86543) A732 KQ A S ++ Q86543 A732-KQ-A 6-4-2-1 0 0 0 0 0 0 0 0 50 0 0 0 50 0 0 3 50 0 50 0 0 0 0 0 50 50 0 100 50 50  2
(Q86543) A732 KQ A S NS Q86543 A732-KQ-A 6-4-2-1 0 0 0 0 0 0 0 0 50 0 0 0 50 0 0 3 0 0 100 0 0 0 50 0 0 50 0 50 100 50  2
(Q86543) A732 A KQ S EW Q86543 A732-KQ-A 6-4-2-1 0 0 0 0 0 0 0 0 50 0 0 0 50 0 0 3 50 0 50 0 0 0 0 0 50 50 0 100 50 50  2
(Q86543) A732 A KQ S -- Q86543 A732-KQ-A 6-4-2-1 0 0 0 0 0 0 0 0 50 0 0 0 50 0 0 3 50 0 50 0 0 0 0 0 50 50 0 100 50 50  2
(Q86543) A732 A KQ S ++ Q86543 A732-KQ-A 6-4-2-1 0 0 0 0 0 0 0 0 50 0 0 0 50 0 0 3 50 0 50 0 0 0 0 0 50 50 0 100 50 50  2
(Q86543) A732 A KQ S NS Q86543 A732-KQ-A 6-4-2-1 0 0 0 0 0 0 0 0 50 0 0 0 50 0 0 3 0 0 100 0 0 0 50 0 0 50 0 50 100 50  2
(Q86543) KQ A732 A S EW Q86543 A732-KQ-A 6-4-2-1 0 0 0 0 0 0 0 0 50 0 0 0 50 0 0 3 50 0 50 0 0 0 0 0 50 50 0 100 50 50  2
(Q86543) KQ A732 A S -- Q86543 A732-KQ-A 6-4-2-1 0 0 0 0 0 0 0 0 50 0 0 0 50 0 0 3 50 0 50 0 0 0 0 0 50 50 0 100 50 50  2
(Q86543) KQ A732 A S ++ Q86543 A732-KQ-A 6-4-2-1 0 0 0 0 0 0 0 0 50 0 0 0 50 0 0 3 50 0 50 0 0 0 0 0 50 50 0 100 50 50  2
(Q86543) KQ A732 A S NS Q86543 A732-KQ-A 6-4-2-1 0 0 0 0 0 0 0 0 50 0 0 0 50 0 0 3 0 0 100 0 0 0 50 0 0 50 0 50 100 50  2
(Q86543) A A732 KQ S EW Q86543 A732-KQ-A 6-4-2-1 0 0 0 0 0 0 0 0 50 0 0 0 50 0 0 3 50 0 50 0 0 0 0 0 50 50 0 100 50 50  2
(Q86543) A A732 KQ S -- Q86543 A732-KQ-A 6-4-2-1 0 0 0 0 0 0 0 0 50 0 0 0 50 0 0 3 50 0 50 0 0 0 0 0 50 50 0 100 50 50  2
(Q86543) A A732 KQ S ++ Q86543 A732-KQ-A 6-4-2-1 0 0 0 0 0 0 0 0 50 0 0 0 50 0 0 3 50 0 50 0 0 0 0 0 50 50 0 100 50 50  2
(Q86543) A A732 KQ S NS Q86543 A732-KQ-A 6-4-2-1 0 0 0 0 0 0 0 0 50 0 0 0 50 0 0 3 0 0 100 0 0 0 50 0 0 50 0 50 100 50  2
(Q86543) KQ A A732 S EW Q86543 A732-KQ-A 6-4-2-1 0 0 0 0 0 0 0 0 50 0 0 0 50 0 0 3 50 0 50 0 0 0 0 0 50 50 0 100 50 50  2
(Q86543) KQ A A732 S -- Q86543 A732-KQ-A 6-4-2-1 0 0 0 0 0 0 0 0 50 0 0 0 50 0 0 3 50 0 50 0 0 0 0 0 50 50 0 100 50 50  2
(Q86543) KQ A A732 S ++ Q86543 A732-KQ-A 6-4-2-1 0 0 0 0 0 0 0 0 50 0 0 0 50 0 0 3 50 0 50 0 0 0 0 0 50 50 0 100 50 50  2
(Q86543) KQ A A732 S NS Q86543 A732-KQ-A 6-4-2-1 0 0 0 0 0 0 0 0 50 0 0 0 50 0 0 3 0 0 100 0 0 0 50 0 0 50 0 50 100 50  2
(Q86543) A KQ A732 S EW Q86543 A732-KQ-A 6-4-2-1 0 0 0 0 0 0 0 0 50 0 0 0 50 0 0 3 50 0 50 0 0 0 0 0 50 50 0 100 50 50  2
(Q86543) A KQ A732 S -- Q86543 A732-KQ-A 6-4-2-1 0 0 0 0 0 0 0 0 50 0 0 0 50 0 0 3 50 0 50 0 0 0 0 0 50 50 0 100 50 50  2
(Q86543) A KQ A732 S ++ Q86543 A732-KQ-A 6-4-2-1 0 0 0 0 0 0 0 0 50 0 0 0 50 0 0 3 50 0 50 0 0 0 0 0 50 50 0 100 50 50  2
(Q86543) A KQ A732 S NS Q86543 A732-KQ-A 6-4-2-1 0 0 0 0 0 0 0 0 50 0 0 0 50 0 0 3 0 0 100 0 0 0 50 0 0 50 0 50 100 50  2
A732 (Q86543) KQ A H EW Q86543 A732-KQ-A 6-4-2-1 0 0 0 0 0 0 0 0 50 0 0 0 50 0 0 3 50 0 50 0 0 0 0 0 50 50 0 100 50 50  2
A732 (Q86543) KQ A H -- Q86543 A732-KQ-A 6-4-2-1 0 0 0 0 0 0 0 0 50 0 0 0 50 0 0 3 50 0 50 0 0 0 0 0 50 50 0 100 50 50  2
A732 (Q86543) KQ A H ++ Q86543 A732-KQ-A 6-4-2-1 0 0 0 0 0 0 0 0 50 0 0 0 50 0 0 3 50 0 50 0 0 0 0 0 50 50 0 100 50 50  2
A732 (Q86543) KQ A H NS Q86543 A732-KQ-A 6-4-2-1 0 0 0 0 0 0 0 0 50 0 0 0 50 0 0 3 0 0 100 0 0 0 50 0 0 50 0 50 100 50  2
A732 (Q86543) A KQ H EW Q86543 A732-KQ-A 6-4-2-1 0 0 0 0 0 0 0 0 50 0 0 0 50 0 0 3 50 0 50 0 0 0 0 0 50 50 0 100 50 50  2
A732 (Q86543) A KQ H -- Q86543 A732-KQ-A 6-4-2-1 0 0 0 0 0 0 0 0 50 0 0 0 50 0 0 3 50 0 50 0 0 0 0 0 50 50 0 100 50 50  2
A732 (Q86543) A KQ H ++ Q86543 A732-KQ-A 6-4-2-1 0 0 0 0 0 0 0 0 50 0 0 0 50 0 0 3 50 0 50 0 0 0 0 0 50 50 0 100 50 50  2
A732 (Q86543) A KQ H NS Q86543 A732-KQ-A 6-4-2-1 0 0 0 0 0 0 0 0 50 0 0 0 50 0 0 3 0 0 100 0 0 0 50 0 0 50 0 50 100 50  2
KQ (Q86543) A732 A H EW Q86543 A732-KQ-A 6-4-2-1 0 0 0 0 0 0 0 0 50 0 0 0 50 0 0 3 50 0 50 0 0 0 0 0 50 50 0 100 50 50  2
KQ (Q86543) A732 A H -- Q86543 A732-KQ-A 6-4-2-1 0 0 0 0 0 0 0 0 50 0 0 0 50 0 0 3 50 0 50 0 0 0 0 0 50 50 0 100 50 50  2
KQ (Q86543) A732 A H ++ Q86543 A732-KQ-A 6-4-2-1 0 0 0 0 0 0 0 0 50 0 0 0 50 0 0 3 50 0 50 0 0 0 0 0 50 50 0 100 50 50  2
KQ (Q86543) A732 A H NS Q86543 A732-KQ-A 6-4-2-1 0 0 0 0 0 0 0 0 50 0 0 0 50 0 0 3 0 0 100 0 0 0 50 0 0 50 0 50 100 50  2
A (Q86543) A732 KQ H EW Q86543 A732-KQ-A 6-4-2-1 0 0 0 0 0 0 0 0 50 0 0 0 50 0 0 3 50 0 50 0 0 0 0 0 50 50 0 100 50 50  2
A (Q86543) A732 KQ H -- Q86543 A732-KQ-A 6-4-2-1 0 0 0 0 0 0 0 0 50 0 0 0 50 0 0 3 0 0 100 0 0 0 50 0 0 50 0 50 100 50  2
A (Q86543) A732 KQ H ++ Q86543 A732-KQ-A 6-4-2-1 0 0 0 0 0 0 0 0 50 0 0 0 50 0 0 3 0 0 100 0 0 0 50 0 0 50 0 50 100 50  2
A (Q86543) A732 KQ H NS Q86543 A732-KQ-A 6-4-2-1 0 0 0 0 0 0 0 0 50 0 0 0 50 0 0 3 0 0 100 0 0 0 50 0 0 50 0 50 100 50  2
KQ (Q86543) A A732 H EW Q86543 A732-KQ-A 6-4-2-1 0 0 0 0 0 0 0 0 50 0 0 0 50 0 0 3 50 0 50 0 0 0 0 0 50 50 0 100 50 50  2
KQ (Q86543) A A732 H -- Q86543 A732-KQ-A 6-4-2-1 0 0 0 0 0 0 0 0 50 0 0 0 50 0 0 3 50 0 50 0 0 0 0 0 50 50 0 100 50 50  2
KQ (Q86543) A A732 H ++ Q86543 A732-KQ-A 6-4-2-1 0 0 0 0 0 0 0 0 50 0 0 0 50 0 0 3 50 0 50 0 0 0 0 0 50 50 0 100 50 50  2
KQ (Q86543) A A732 H NS Q86543 A732-KQ-A 6-4-2-1 0 0 0 0 0 0 0 0 50 0 0 0 50 0 0 3 0 0 100 0 0 0 50 0 0 50 0 50 100 50  2
A (Q86543) KQ A732 H EW Q86543 A732-KQ-A 6-4-2-1 0 0 0 0 0 0 0 0 50 0 0 0 50 0 0 3 50 0 50 0 0 0 0 0 50 50 0 100 50 50  2
A (Q86543) KQ A732 H -- Q86543 A732-KQ-A 6-4-2-1 0 0 0 0 0 0 0 0 50 0 0 0 50 0 0 3 0 0 100 0 0 0 50 0 0 50 0 50 100 50  2
A (Q86543) KQ A732 H ++ Q86543 A732-KQ-A 6-4-2-1 0 0 0 0 0 0 0 0 50 0 0 0 50 0 0 3 0 0 100 0 0 0 50 0 0 50 0 50 100 50  2
A (Q86543) KQ A732 H NS Q86543 A732-KQ-A 6-4-2-1 0 0 0 0 0 0 0 0 50 0 0 0 50 0 0 3 0 0 100 0 0 0 50 0 0 50 0 50 100 50  2
A732 KQ (Q86543) A D EW Q86543 A732-KQ-A 6-4-2-1 0 0 0 0 0 0 0 0 50 0 0 0 50 0 0 3 50 0 50 0 0 0 0 0 50 50 0 100 50 50  2
A732 KQ (Q86543) A D -- Q86543 A732-KQ-A 6-4-2-1 0 0 0 0 0 0 0 0 50 0 0 0 50 0 0 3 50 0 50 0 0 0 0 0 50 50 0 100 50 50  2
A732 KQ (Q86543) A D ++ Q86543 A732-KQ-A 6-4-2-1 0 0 0 0 0 0 0 0 50 0 0 0 50 0 0 3 50 0 50 0 0 0 0 0 50 50 0 100 50 50  2
A732 KQ (Q86543) A D NS Q86543 A732-KQ-A 6-4-2-1 0 0 0 0 0 0 0 0 50 0 0 0 50 0 0 3 0 0 100 0 0 0 50 0 0 50 0 50 100 50  2
A732 A (Q86543) KQ D EW Q86543 A732-KQ-A 6-4-2-1 0 0 0 0 0 0 0 0 50 0 0 0 50 0 0 3 50 0 50 0 0 0 0 0 50 50 0 100 50 50  2
A732 A (Q86543) KQ D -- Q86543 A732-KQ-A 6-4-2-1 0 0 0 0 0 0 0 0 50 0 0 0 50 0 0 3 0 0 100 0 0 0 50 0 0 50 0 50 100 50  2
A732 A (Q86543) KQ D ++ Q86543 A732-KQ-A 6-4-2-1 0 0 0 0 0 0 0 0 50 0 0 0 50 0 0 3 0 0 100 0 0 0 50 0 0 50 0 50 100 50  2
A732 A (Q86543) KQ D NS Q86543 A732-KQ-A 6-4-2-1 0 0 0 0 0 0 0 0 50 0 0 0 50 0 0 3 0 0 100 0 0 0 50 0 0 50 0 50 100 50  2
KQ A732 (Q86543) A D EW Q86543 A732-KQ-A 6-4-2-1 0 0 0 0 0 0 0 0 50 0 0 0 50 0 0 3 50 0 50 0 0 0 0 0 50 50 0 100 50 50  2
KQ A732 (Q86543) A D -- Q86543 A732-KQ-A 6-4-2-1 0 0 0 0 0 0 0 0 50 0 0 0 50 0 0 3 50 0 50 0 0 0 0 0 50 50 0 100 50 50  2
KQ A732 (Q86543) A D ++ Q86543 A732-KQ-A 6-4-2-1 0 0 0 0 0 0 0 0 50 0 0 0 50 0 0 3 50 0 50 0 0 0 0 0 50 50 0 100 50 50  2
KQ A732 (Q86543) A D NS Q86543 A732-KQ-A 6-4-2-1 0 0 0 0 0 0 0 0 50 0 0 0 50 0 0 3 0 0 100 0 0 0 50 0 0 50 0 50 100 50  2
A A732 (Q86543) KQ D EW Q86543 A732-KQ-A 6-4-2-1 0 0 0 0 0 0 0 0 50 0 0 0 50 0 0 3 50 0 50 0 0 0 0 0 50 50 0 100 50 50  2
A A732 (Q86543) KQ D -- Q86543 A732-KQ-A 6-4-2-1 0 0 0 0 0 0 0 0 50 0 0 0 50 0 0 3 0 0 100 0 0 0 50 0 0 50 0 50 100 50  2
A A732 (Q86543) KQ D ++ Q86543 A732-KQ-A 6-4-2-1 0 0 0 0 0 0 0 0 50 0 0 0 50 0 0 3 0 0 100 0 0 0 50 0 0 50 0 50 100 50  2
A A732 (Q86543) KQ D NS Q86543 A732-KQ-A 6-4-2-1 0 0 0 0 0 0 0 0 50 0 0 0 50 0 0 3 0 0 100 0 0 0 50 0 0 50 0 50 100 50  2
KQ A (Q86543) A732 D EW Q86543 A732-KQ-A 6-4-2-1 0 0 0 0 0 0 0 0 50 0 0 0 50 0 0 3 50 0 50 0 0 0 0 0 50 50 0 100 50 50  2
KQ A (Q86543) A732 D -- Q86543 A732-KQ-A 6-4-2-1 0 0 0 0 0 0 0 0 50 0 0 0 50 0 0 3 0 0 100 0 0 0 50 0 0 50 0 50 100 50  2
KQ A (Q86543) A732 D ++ Q86543 A732-KQ-A 6-4-2-1 0 0 0 0 0 0 0 0 50 0 0 0 50 0 0 3 0 0 100 0 0 0 50 0 0 50 0 50 100 50  2
KQ A (Q86543) A732 D NS Q86543 A732-KQ-A 6-4-2-1 0 0 0 0 0 0 0 0 50 0 0 0 50 0 0 3 0 0 100 0 0 0 50 0 0 50 0 50 100 50  2
A KQ (Q86543) A732 D EW Q86543 A732-KQ-A 6-4-2-1 0 0 0 0 0 0 0 0 50 0 0 0 50 0 0 3 50 0 50 0 0 0 0 0 50 50 0 100 50 50  2
A KQ (Q86543) A732 D -- Q86543 A732-KQ-A 6-4-2-1 0 0 0 0 0 0 0 0 50 0 0 0 50 0 0 3 0 0 100 0 0 0 50 0 0 50 0 50 100 50  2
A KQ (Q86543) A732 D ++ Q86543 A732-KQ-A 6-4-2-1 0 0 0 0 0 0 0 0 50 0 0 0 50 0 0 3 0 0 100 0 0 0 50 0 0 50 0 50 100 50  2
A KQ (Q86543) A732 D NS Q86543 A732-KQ-A 6-4-2-1 0 0 0 0 0 0 0 0 50 0 0 0 50 0 0 3 0 0 100 0 0 0 50 0 0 50 0 50 100 50  2
A732 KQ A (Q86543) C EW Q86543 A732-KQ-A 6-4-2-1 0 0 0 0 0 0 0 0 50 0 0 0 50 0 0 3 50 0 50 0 0 0 0 0 50 50 0 100 50 50  2
A732 KQ A (Q86543) C -- Q86543 A732-KQ-A 6-4-2-1 0 0 0 0 0 0 0 0 50 0 0 0 50 0 0 3 0 0 100 0 0 0 50 0 0 50 0 50 100 50  2
A732 KQ A (Q86543) C ++ Q86543 A732-KQ-A 6-4-2-1 0 0 0 0 0 0 0 0 50 0 0 0 50 0 0 3 0 0 100 0 0 0 50 0 0 50 0 50 100 50  2
A732 KQ A (Q86543) C NS Q86543 A732-KQ-A 6-4-2-1 0 0 0 0 0 0 0 0 50 0 0 0 50 0 0 3 0 0 100 0 0 0 50 0 0 50 0 50 100 50  2
A732 A KQ (Q86543) C EW Q86543 A732-KQ-A 6-4-2-1 0 0 0 0 0 0 0 0 50 0 0 0 50 0 0 3 50 0 50 0 0 0 0 0 50 50 0 100 50 50  2
A732 A KQ (Q86543) C -- Q86543 A732-KQ-A 6-4-2-1 0 0 0 0 0 0 0 0 50 0 0 0 50 0 0 3 0 0 100 0 0 0 50 0 0 50 0 50 100 50  2
A732 A KQ (Q86543) C ++ Q86543 A732-KQ-A 6-4-2-1 0 0 0 0 0 0 0 0 50 0 0 0 50 0 0 3 0 0 100 0 0 0 50 0 0 50 0 50 100 50  2
A732 A KQ (Q86543) C NS Q86543 A732-KQ-A 6-4-2-1 0 0 0 0 0 0 0 0 50 0 0 0 50 0 0 3 0 0 100 0 0 0 50 0 0 50 0 50 100 50  2
KQ A732 A (Q86543) C EW Q86543 A732-KQ-A 6-4-2-1 0 0 0 0 0 0 0 0 50 0 0 0 50 0 0 3 50 0 50 0 0 0 0 0 50 50 0 100 50 50  2
KQ A732 A (Q86543) C -- Q86543 A732-KQ-A 6-4-2-1 0 0 0 0 0 0 0 0 50 0 0 0 50 0 0 3 0 0 100 0 0 0 50 0 0 50 0 50 100 50  2
KQ A732 A (Q86543) C ++ Q86543 A732-KQ-A 6-4-2-1 0 0 0 0 0 0 0 0 50 0 0 0 50 0 0 3 0 0 100 0 0 0 50 0 0 50 0 50 100 50  2
KQ A732 A (Q86543) C NS Q86543 A732-KQ-A 6-4-2-1 0 0 0 0 0 0 0 0 50 0 0 0 50 0 0 3 0 0 100 0 0 0 50 0 0 50 0 50 100 50  2
A A732 KQ (Q86543) C EW Q86543 A732-KQ-A 6-4-2-1 0 0 0 0 0 0 0 0 50 0 0 0 50 0 0 3 50 0 50 0 0 0 0 0 50 50 0 100 50 50  2
A A732 KQ (Q86543) C -- Q86543 A732-KQ-A 6-4-2-1 0 0 0 0 0 0 0 0 50 0 0 0 50 0 0 3 0 0 100 0 0 0 50 0 0 50 0 50 100 50  2
A A732 KQ (Q86543) C ++ Q86543 A732-KQ-A 6-4-2-1 0 0 0 0 0 0 0 0 50 0 0 0 50 0 0 3 0 0 100 0 0 0 50 0 0 50 0 50 100 50  2
A A732 KQ (Q86543) C NS Q86543 A732-KQ-A 6-4-2-1 0 0 0 0 0 0 0 0 50 0 0 0 50 0 0 3 0 0 100 0 0 0 50 0 0 50 0 50 100 50  2
KQ A A732 (Q86543) C EW Q86543 A732-KQ-A 6-4-2-1 0 0 0 0 0 0 0 0 50 0 0 0 50 0 0 3 50 0 50 0 0 0 0 0 50 50 0 100 50 50  2
KQ A A732 (Q86543) C -- Q86543 A732-KQ-A 6-4-2-1 0 0 0 0 0 0 0 0 50 0 0 0 50 0 0 3 0 0 100 0 0 0 50 0 0 50 0 50 100 50  2
KQ A A732 (Q86543) C ++ Q86543 A732-KQ-A 6-4-2-1 0 0 0 0 0 0 0 0 50 0 0 0 50 0 0 3 0 0 100 0 0 0 50 0 0 50 0 50 100 50  2
KQ A A732 (Q86543) C NS Q86543 A732-KQ-A 6-4-2-1 0 0 0 0 0 0 0 0 50 0 0 0 50 0 0 3 0 0 100 0 0 0 50 0 0 50 0 50 100 50  2
A KQ A732 (Q86543) C EW Q86543 A732-KQ-A 6-4-2-1 0 0 0 0 0 0 0 0 50 0 0 0 50 0 0 3 50 0 50 0 0 0 0 0 50 50 0 100 50 50  2
A KQ A732 (Q86543) C -- Q86543 A732-KQ-A 6-4-2-1 0 0 0 0 0 0 0 0 50 0 0 0 50 0 0 3 0 0 100 0 0 0 50 0 0 50 0 50 100 50  2
A KQ A732 (Q86543) C ++ Q86543 A732-KQ-A 6-4-2-1 0 0 0 0 0 0 0 0 50 0 0 0 50 0 0 3 0 0 100 0 0 0 50 0 0 50 0 50 100 50  2
A KQ A732 (Q86543) C NS Q86543 A732-KQ-A 6-4-2-1 0 0 0 0 0 0 0 0 50 0 0 0 50 0 0 3 0 0 100 0 0 0 50 0 0 50 0 50 100 50  2
(Q86543) K654 82 2 S EW Q86543 K654-82-2 6-4-2-1 0 0 0 0 0 0 0 0 0 0 0 100 0 0 0 4 0 0 100 50 0 0 50 0 0 0 0 0 50 50  2
(Q86543) K654 82 2 S -- Q86543 K654-82-2 6-4-2-1 0 0 0 0 0 0 0 0 0 0 50 50 0 0 0 3.5 0 0 100 50 0 0 50 0 0 0 0 0 50 50  2
(Q86543) K654 82 2 S ++ Q86543 K654-82-2 6-4-2-1 0 0 0 0 0 0 0 0 0 0 50 50 0 0 0 3.5 0 0 100 50 0 0 50 0 0 0 0 0 50 50  2
(Q86543) K654 82 2 S NS Q86543 K654-82-2 6-4-2-1 0 0 0 0 0 0 0 0 0 50 0 50 0 0 0 3 0 0 100 50 0 0 50 0 0 0 0 0 50 50  2
(Q86543) K654 2 82 S EW Q86543 K654-82-2 6-4-2-1 0 0 0 0 0 0 0 0 0 0 0 100 0 0 0 4 0 0 100 50 0 0 50 0 0 0 0 0 50 50  2
(Q86543) K654 2 82 S -- Q86543 K654-82-2 6-4-2-1 0 0 0 0 0 0 0 0 0 0 50 50 0 0 0 3.5 0 0 100 50 0 0 50 0 0 0 0 0 50 50  2
(Q86543) K654 2 82 S ++ Q86543 K654-82-2 6-4-2-1 0 0 0 0 0 0 0 0 0 0 50 50 0 0 0 3.5 0 0 100 50 0 0 50 0 0 0 0 0 50 50  2
(Q86543) K654 2 82 S NS Q86543 K654-82-2 6-4-2-1 0 0 0 0 0 0 0 0 0 50 0 50 0 0 0 3 0 0 100 50 0 0 50 0 0 0 0 0 50 50  2
(Q86543) 82 K654 2 S EW Q86543 K654-82-2 6-4-2-1 0 0 0 0 0 0 0 0 0 0 0 100 0 0 0 4 0 0 100 50 0 0 50 0 0 0 0 0 50 50  2
(Q86543) 82 K654 2 S -- Q86543 K654-82-2 6-4-2-1 0 0 0 0 0 0 0 0 0 0 50 50 0 0 0 3.5 0 0 100 50 0 0 50 0 0 0 0 0 50 50  2
(Q86543) 82 K654 2 S ++ Q86543 K654-82-2 6-4-2-1 0 0 0 0 0 0 0 0 0 0 50 50 0 0 0 3.5 0 0 100 50 0 0 50 0 0 0 0 0 50 50  2
(Q86543) 82 K654 2 S NS Q86543 K654-82-2 6-4-2-1 0 0 0 0 0 0 0 0 0 50 0 50 0 0 0 3 0 0 100 50 0 0 50 0 0 0 0 0 50 50  2
(Q86543) 2 K654 82 S EW Q86543 K654-82-2 6-4-2-1 0 0 0 0 0 0 0 0 0 0 0 100 0 0 0 4 0 0 100 50 0 0 50 0 0 0 0 0 50 50  2
(Q86543) 2 K654 82 S -- Q86543 K654-82-2 6-4-2-1 0 0 0 0 0 0 0 0 0 0 50 50 0 0 0 3.5 0 0 100 50 0 0 50 0 0 0 0 0 50 50  2
(Q86543) 2 K654 82 S ++ Q86543 K654-82-2 6-4-2-1 0 0 0 0 0 0 0 0 0 0 50 50 0 0 0 3.5 0 0 100 50 0 0 50 0 0 0 0 0 50 50  2
(Q86543) 2 K654 82 S NS Q86543 K654-82-2 6-4-2-1 0 0 0 0 0 0 0 0 0 50 0 50 0 0 0 3 0 0 100 50 0 0 50 0 0 0 0 0 50 50  2
(Q86543) 82 2 K654 S EW Q86543 K654-82-2 6-4-2-1 0 0 0 0 0 0 0 0 0 0 0 100 0 0 0 4 0 0 100 50 0 0 50 0 0 0 0 0 50 50  2
(Q86543) 82 2 K654 S -- Q86543 K654-82-2 6-4-2-1 0 0 0 0 0 0 0 0 0 0 50 50 0 0 0 3.5 0 0 100 50 0 0 50 0 0 0 0 0 50 50  2
(Q86543) 82 2 K654 S ++ Q86543 K654-82-2 6-4-2-1 0 0 0 0 0 0 0 0 0 0 50 50 0 0 0 3.5 0 0 100 50 0 0 50 0 0 0 0 0 50 50  2
(Q86543) 82 2 K654 S NS Q86543 K654-82-2 6-4-2-1 0 0 0 0 0 0 0 0 0 50 0 50 0 0 0 3 0 0 100 50 0 0 50 0 0 0 0 0 50 50  2
(Q86543) 2 82 K654 S EW Q86543 K654-82-2 6-4-2-1 0 0 0 0 0 0 0 0 0 0 0 100 0 0 0 4 0 0 100 50 0 0 50 0 0 0 0 0 50 50  2
(Q86543) 2 82 K654 S -- Q86543 K654-82-2 6-4-2-1 0 0 0 0 0 0 0 0 0 0 50 50 0 0 0 3.5 0 0 100 50 0 0 50 0 0 0 0 0 50 50  2
(Q86543) 2 82 K654 S ++ Q86543 K654-82-2 6-4-2-1 0 0 0 0 0 0 0 0 0 0 50 50 0 0 0 3.5 0 0 100 50 0 0 50 0 0 0 0 0 50 50  2
(Q86543) 2 82 K654 S NS Q86543 K654-82-2 6-4-2-1 0 0 0 0 0 0 0 0 0 50 0 50 0 0 0 3 0 0 100 50 0 0 50 0 0 0 0 0 50 50  2
K654 (Q86543) 82 2 H EW Q86543 K654-82-2 6-4-2-1 0 0 0 0 0 0 0 0 0 0 0 100 0 0 0 4 0 0 100 50 0 0 50 0 0 0 0 0 50 50  2
K654 (Q86543) 82 2 H -- Q86543 K654-82-2 6-4-2-1 0 0 0 0 0 0 0 0 0 0 50 50 0 0 0 3.5 0 0 100 50 0 0 50 0 0 0 0 0 50 50  2
K654 (Q86543) 82 2 H ++ Q86543 K654-82-2 6-4-2-1 0 0 0 0 0 0 0 0 0 0 50 50 0 0 0 3.5 0 0 100 50 0 0 50 0 0 0 0 0 50 50  2
K654 (Q86543) 82 2 H NS Q86543 K654-82-2 6-4-2-1 0 0 0 0 0 0 0 0 0 50 0 50 0 0 0 3 0 0 100 50 0 0 50 0 0 0 0 0 50 50  2
K654 (Q86543) 2 82 H EW Q86543 K654-82-2 6-4-2-1 0 0 0 0 0 0 0 0 0 0 0 100 0 0 0 4 0 0 100 50 0 0 50 0 0 0 0 0 50 50  2
K654 (Q86543) 2 82 H -- Q86543 K654-82-2 6-4-2-1 0 0 0 0 0 0 0 0 0 0 50 50 0 0 0 3.5 0 0 100 50 0 0 50 0 0 0 0 0 50 50  2
K654 (Q86543) 2 82 H ++ Q86543 K654-82-2 6-4-2-1 0 0 0 0 0 0 0 0 0 0 50 50 0 0 0 3.5 0 0 100 50 0 0 50 0 0 0 0 0 50 50  2
K654 (Q86543) 2 82 H NS Q86543 K654-82-2 6-4-2-1 0 0 0 0 0 0 0 0 0 50 0 50 0 0 0 3 0 0 100 50 0 0 50 0 0 0 0 0 50 50  2
82 (Q86543) K654 2 H EW Q86543 K654-82-2 6-4-2-1 0 0 0 0 0 0 0 0 0 0 0 100 0 0 0 4 0 0 100 50 0 0 50 0 0 0 0 0 50 50  2
82 (Q86543) K654 2 H -- Q86543 K654-82-2 6-4-2-1 0 0 0 0 0 0 0 0 0 0 50 50 0 0 0 3.5 0 0 100 50 0 0 50 0 0 0 0 0 50 50  2
82 (Q86543) K654 2 H ++ Q86543 K654-82-2 6-4-2-1 0 0 0 0 0 0 0 0 0 0 50 50 0 0 0 3.5 0 0 100 50 0 0 50 0 0 0 0 0 50 50  2
82 (Q86543) K654 2 H NS Q86543 K654-82-2 6-4-2-1 0 0 0 0 0 0 0 0 0 50 0 50 0 0 0 3 0 0 100 50 0 0 50 0 0 0 0 0 50 50  2
2 (Q86543) K654 82 H EW Q86543 K654-82-2 6-4-2-1 0 0 0 0 0 0 0 0 0 0 0 50 50 0 0 4.5 0 50 50 50 0 0 0 0 0 0 50 50 50 50  2
2 (Q86543) K654 82 H -- Q86543 K654-82-2 6-4-2-1 0 0 0 0 0 0 0 0 0 0 50 0 50 0 0 4 0 50 50 50 0 0 0 0 0 0 50 50 50 50  2
2 (Q86543) K654 82 H ++ Q86543 K654-82-2 6-4-2-1 0 0 0 0 0 0 0 0 0 0 50 0 50 0 0 4 0 50 50 50 0 0 0 0 0 0 50 50 50 50  2
2 (Q86543) K654 82 H NS Q86543 K654-82-2 6-4-2-1 0 0 0 0 0 0 0 0 0 50 0 0 50 0 0 3.5 0 50 50 50 0 0 0 0 0 0 50 50 50 50  2
82 (Q86543) 2 K654 H EW Q86543 K654-82-2 6-4-2-1 0 0 0 0 0 0 0 0 0 0 0 100 0 0 0 4 0 0 100 50 0 0 50 0 0 0 0 0 50 50  2
82 (Q86543) 2 K654 H -- Q86543 K654-82-2 6-4-2-1 0 0 0 0 0 0 0 0 0 0 50 50 0 0 0 3.5 0 0 100 50 0 0 50 0 0 0 0 0 50 50  2
82 (Q86543) 2 K654 H ++ Q86543 K654-82-2 6-4-2-1 0 0 0 0 0 0 0 0 0 0 50 50 0 0 0 3.5 0 0 100 50 0 0 50 0 0 0 0 0 50 50  2
82 (Q86543) 2 K654 H NS Q86543 K654-82-2 6-4-2-1 0 0 0 0 0 0 0 0 0 50 0 50 0 0 0 3 0 0 100 50 0 0 50 0 0 0 0 0 50 50  2
2 (Q86543) 82 K654 H EW Q86543 K654-82-2 6-4-2-1 0 0 0 0 0 0 0 0 0 0 0 50 50 0 0 4.5 0 50 50 50 0 0 0 0 0 0 50 50 50 50  2
2 (Q86543) 82 K654 H -- Q86543 K654-82-2 6-4-2-1 0 0 0 0 0 0 0 0 0 0 50 0 50 0 0 4 0 50 50 50 0 0 0 0 0 0 50 50 50 50  2
2 (Q86543) 82 K654 H ++ Q86543 K654-82-2 6-4-2-1 0 0 0 0 0 0 0 0 0 0 50 0 50 0 0 4 0 50 50 50 0 0 0 0 0 0 50 50 50 50  2
2 (Q86543) 82 K654 H NS Q86543 K654-82-2 6-4-2-1 0 0 0 0 0 0 0 0 0 50 0 0 50 0 0 3.5 0 50 50 50 0 0 0 0 0 0 50 50 50 50  2
K654 82 (Q86543) 2 D EW Q86543 K654-82-2 6-4-2-1 0 0 0 0 0 0 0 0 0 0 0 100 0 0 0 4 50 0 50 50 0 0 0 0 50 0 0 50 0 50  2
K654 82 (Q86543) 2 D -- Q86543 K654-82-2 6-4-2-1 0 0 0 0 0 0 0 0 0 0 50 50 0 0 0 3.5 0 0 100 50 0 0 50 0 0 0 0 0 50 50  2
K654 82 (Q86543) 2 D ++ Q86543 K654-82-2 6-4-2-1 0 0 0 0 0 0 0 0 0 0 50 50 0 0 0 3.5 50 0 50 50 0 0 0 0 50 0 0 50 0 50  2
K654 82 (Q86543) 2 D NS Q86543 K654-82-2 6-4-2-1 0 0 0 0 0 0 0 0 0 50 0 50 0 0 0 3 0 0 100 50 0 0 50 0 0 0 0 0 50 50  2
K654 2 (Q86543) 82 D EW Q86543 K654-82-2 6-4-2-1 0 0 0 0 0 0 0 0 0 0 0 50 50 0 0 4.5 0 50 50 50 0 0 0 0 0 0 50 50 50 50  2
K654 2 (Q86543) 82 D -- Q86543 K654-82-2 6-4-2-1 0 0 0 0 0 0 0 0 0 0 50 0 50 0 0 4 0 50 50 50 0 0 0 0 0 0 50 50 50 50  2
K654 2 (Q86543) 82 D ++ Q86543 K654-82-2 6-4-2-1 0 0 0 0 0 0 0 0 0 0 50 0 50 0 0 4 0 50 50 50 0 0 0 0 0 0 50 50 50 50  2
K654 2 (Q86543) 82 D NS Q86543 K654-82-2 6-4-2-1 0 0 0 0 0 0 0 0 0 50 0 0 50 0 0 3.5 0 50 50 50 0 0 0 0 0 0 50 50 50 50  2
82 K654 (Q86543) 2 D EW Q86543 K654-82-2 6-4-2-1 0 0 0 0 0 0 0 0 0 0 0 100 0 0 0 4 50 0 50 50 0 0 0 0 50 0 0 50 0 50  2
82 K654 (Q86543) 2 D -- Q86543 K654-82-2 6-4-2-1 0 0 0 0 0 0 0 0 0 0 50 50 0 0 0 3.5 0 0 100 50 0 0 50 0 0 0 0 0 50 50  2
82 K654 (Q86543) 2 D ++ Q86543 K654-82-2 6-4-2-1 0 0 0 0 0 0 0 0 0 0 50 50 0 0 0 3.5 50 0 50 50 0 0 0 0 50 0 0 50 0 50  2
82 K654 (Q86543) 2 D NS Q86543 K654-82-2 6-4-2-1 0 0 0 0 0 0 0 0 0 50 0 50 0 0 0 3 0 0 100 50 0 0 50 0 0 0 0 0 50 50  2
2 K654 (Q86543) 82 D EW Q86543 K654-82-2 6-4-2-1 0 0 0 0 0 0 0 0 0 0 0 50 50 0 0 4.5 0 50 50 50 0 0 0 0 0 0 50 50 50 50  2
2 K654 (Q86543) 82 D -- Q86543 K654-82-2 6-4-2-1 0 0 0 0 0 0 0 0 0 0 50 0 50 0 0 4 0 50 50 50 0 0 0 0 0 0 50 50 50 50  2
2 K654 (Q86543) 82 D ++ Q86543 K654-82-2 6-4-2-1 0 0 0 0 0 0 0 0 0 0 50 0 50 0 0 4 0 50 50 50 0 0 0 0 0 0 50 50 50 50  2
2 K654 (Q86543) 82 D NS Q86543 K654-82-2 6-4-2-1 0 0 0 0 0 0 0 0 0 50 0 0 50 0 0 3.5 0 50 50 50 0 0 0 0 0 0 50 50 50 50  2
82 2 (Q86543) K654 D EW Q86543 K654-82-2 6-4-2-1 0 0 0 0 0 0 0 0 0 0 0 50 50 0 0 4.5 0 50 50 50 0 0 0 0 0 0 50 50 50 50  2
82 2 (Q86543) K654 D -- Q86543 K654-82-2 6-4-2-1 0 0 0 0 0 0 0 0 0 0 50 0 50 0 0 4 0 50 50 50 0 0 0 0 0 0 50 50 50 50  2
82 2 (Q86543) K654 D ++ Q86543 K654-82-2 6-4-2-1 0 0 0 0 0 0 0 0 0 0 50 0 50 0 0 4 0 50 50 50 0 0 0 0 0 0 50 50 50 50  2
82 2 (Q86543) K654 D NS Q86543 K654-82-2 6-4-2-1 0 0 0 0 0 0 0 0 0 50 0 0 50 0 0 3.5 0 50 50 50 0 0 0 0 0 0 50 50 50 50  2
2 82 (Q86543) K654 D EW Q86543 K654-82-2 6-4-2-1 0 0 0 0 0 0 0 0 0 0 0 50 50 0 0 4.5 0 50 50 50 0 0 0 0 0 0 50 50 50 50  2
2 82 (Q86543) K654 D -- Q86543 K654-82-2 6-4-2-1 0 0 0 0 0 0 0 0 0 0 50 0 50 0 0 4 0 50 50 50 0 0 0 0 0 0 50 50 50 50  2
2 82 (Q86543) K654 D ++ Q86543 K654-82-2 6-4-2-1 0 0 0 0 0 0 0 0 0 0 50 0 50 0 0 4 0 50 50 50 0 0 0 0 0 0 50 50 50 50  2
2 82 (Q86543) K654 D NS Q86543 K654-82-2 6-4-2-1 0 0 0 0 0 0 0 0 0 50 0 0 50 0 0 3.5 0 50 50 50 0 0 0 0 0 0 50 50 50 50  2
K654 82 2 (Q86543) C EW Q86543 K654-82-2 6-4-2-1 0 0 0 0 0 0 0 0 0 0 0 50 50 0 0 4.5 0 50 50 50 0 0 0 0 0 0 50 50 50 50  2
K654 82 2 (Q86543) C -- Q86543 K654-82-2 6-4-2-1 0 0 0 0 0 0 0 0 0 0 50 0 50 0 0 4 0 50 50 50 0 0 0 0 0 0 50 50 50 50  2
K654 82 2 (Q86543) C ++ Q86543 K654-82-2 6-4-2-1 0 0 0 0 0 0 0 0 0 0 50 50 0 0 0 3.5 0 0 100 50 50 0 0 0 0 0 0 0 0 50  2
K654 82 2 (Q86543) C NS Q86543 K654-82-2 6-4-2-1 0 0 0 0 0 0 0 0 0 50 0 50 0 0 0 3 0 0 100 50 50 0 0 0 0 0 0 0 0 50  2
K654 2 82 (Q86543) C EW Q86543 K654-82-2 6-4-2-1 0 0 0 0 0 0 0 0 0 0 0 50 50 0 0 4.5 0 50 50 50 0 0 0 0 0 0 50 50 50 50  2
K654 2 82 (Q86543) C -- Q86543 K654-82-2 6-4-2-1 0 0 0 0 0 0 0 0 0 0 50 0 50 0 0 4 0 50 50 50 0 0 0 0 0 0 50 50 50 50  2
K654 2 82 (Q86543) C ++ Q86543 K654-82-2 6-4-2-1 0 0 0 0 0 0 0 0 0 0 50 0 50 0 0 4 0 50 50 50 0 0 0 0 0 0 50 50 50 50  2
K654 2 82 (Q86543) C NS Q86543 K654-82-2 6-4-2-1 0 0 0 0 0 0 0 0 0 50 0 0 50 0 0 3.5 0 50 50 50 0 0 0 0 0 0 50 50 50 50  2
82 K654 2 (Q86543) C EW Q86543 K654-82-2 6-4-2-1 0 0 0 0 0 0 0 0 0 0 0 50 50 0 0 4.5 0 50 50 50 0 0 0 0 0 0 50 50 50 50  2
82 K654 2 (Q86543) C -- Q86543 K654-82-2 6-4-2-1 0 0 0 0 0 0 0 0 0 0 50 0 50 0 0 4 0 50 50 50 0 0 0 0 0 0 50 50 50 50  2
82 K654 2 (Q86543) C ++ Q86543 K654-82-2 6-4-2-1 0 0 0 0 0 0 0 0 0 0 50 50 0 0 0 3.5 0 0 100 50 50 0 0 0 0 0 0 0 0 50  2
82 K654 2 (Q86543) C NS Q86543 K654-82-2 6-4-2-1 0 0 0 0 0 0 0 0 0 50 0 50 0 0 0 3 0 0 100 50 50 0 0 0 0 0 0 0 0 50  2
2 K654 82 (Q86543) C EW Q86543 K654-82-2 6-4-2-1 0 0 0 0 0 0 0 0 0 0 0 50 50 0 0 4.5 0 50 50 50 0 0 0 0 0 0 50 50 50 50  2
2 K654 82 (Q86543) C -- Q86543 K654-82-2 6-4-2-1 0 0 0 0 0 0 0 0 0 0 50 0 50 0 0 4 0 50 50 50 0 0 0 0 0 0 50 50 50 50  2
2 K654 82 (Q86543) C ++ Q86543 K654-82-2 6-4-2-1 0 0 0 0 0 0 0 0 0 0 50 0 50 0 0 4 0 50 50 50 0 0 0 0 0 0 50 50 50 50  2
2 K654 82 (Q86543) C NS Q86543 K654-82-2 6-4-2-1 0 0 0 0 0 0 0 0 0 50 0 0 50 0 0 3.5 0 50 50 50 0 0 0 0 0 0 50 50 50 50  2
82 2 K654 (Q86543) C EW Q86543 K654-82-2 6-4-2-1 0 0 0 0 0 0 0 0 0 0 0 50 50 0 0 4.5 0 50 50 50 0 0 0 0 0 0 50 50 50 50  2
82 2 K654 (Q86543) C -- Q86543 K654-82-2 6-4-2-1 0 0 0 0 0 0 0 0 0 0 50 0 50 0 0 4 0 50 50 50 0 0 0 0 0 0 50 50 50 50  2
82 2 K654 (Q86543) C ++ Q86543 K654-82-2 6-4-2-1 0 0 0 0 0 0 0 0 0 0 50 0 50 0 0 4 0 50 50 50 0 0 0 0 0 0 50 50 50 50  2
82 2 K654 (Q86543) C NS Q86543 K654-82-2 6-4-2-1 0 0 0 0 0 0 0 0 0 50 0 0 50 0 0 3.5 0 50 50 50 0 0 0 0 0 0 50 50 50 50  2
2 82 K654 (Q86543) C EW Q86543 K654-82-2 6-4-2-1 0 0 0 0 0 0 0 0 0 0 0 50 50 0 0 4.5 0 50 50 50 0 0 0 0 0 0 50 50 50 50  2
2 82 K654 (Q86543) C -- Q86543 K654-82-2 6-4-2-1 0 0 0 0 0 0 0 0 0 0 50 0 50 0 0 4 0 50 50 50 0 0 0 0 0 0 50 50 50 50  2
2 82 K654 (Q86543) C ++ Q86543 K654-82-2 6-4-2-1 0 0 0 0 0 0 0 0 0 0 50 0 50 0 0 4 0 50 50 50 0 0 0 0 0 0 50 50 50 50  2
2 82 K654 (Q86543) C NS Q86543 K654-82-2 6-4-2-1 0 0 0 0 0 0 0 0 0 50 0 0 50 0 0 3.5 0 50 50 50 0 0 0 0 0 0 50 50 50 50  2
(AKJT97) A732 KQ A S EW AKJT97 A732-KQ-A 6-4-2-1 0 0 0 0 0 0 0 0 0 0 50 0 0 50 0 4.5 100 0 0 0 0 0 0 0 100 0 0 100 0 100  2
(AKJT97) A732 KQ A S -- AKJT97 A732-KQ-A 6-4-2-1 0 0 0 0 0 0 0 0 0 0 50 0 0 50 0 4.5 100 0 0 0 0 0 0 0 100 0 0 100 0 100  2
(AKJT97) A732 KQ A S ++ AKJT97 A732-KQ-A 6-4-2-1 0 0 0 0 0 0 0 0 0 0 50 0 0 50 0 4.5 100 0 0 0 0 0 0 0 100 0 0 100 0 100  2
(AKJT97) A732 KQ A S NS AKJT97 A732-KQ-A 6-4-2-1 0 0 0 0 0 0 0 0 0 0 50 0 0 50 0 4.5 100 0 0 0 0 0 0 0 100 0 0 100 0 100  2
(AKJT97) A732 A KQ S EW AKJT97 A732-KQ-A 6-4-2-1 0 0 0 0 0 0 0 0 0 0 50 0 0 50 0 4.5 100 0 0 0 0 0 0 0 100 0 0 100 0 100  2
(AKJT97) A732 A KQ S -- AKJT97 A732-KQ-A 6-4-2-1 0 0 0 0 0 0 0 0 0 0 50 0 0 50 0 4.5 100 0 0 0 0 0 0 0 100 0 0 100 0 100  2
(AKJT97) A732 A KQ S ++ AKJT97 A732-KQ-A 6-4-2-1 0 0 0 0 0 0 0 0 0 0 50 0 0 50 0 4.5 100 0 0 0 0 0 0 0 100 0 0 100 0 100  2
(AKJT97) A732 A KQ S NS AKJT97 A732-KQ-A 6-4-2-1 0 0 0 0 0 0 0 0 0 0 50 0 0 50 0 4.5 100 0 0 0 0 0 0 0 100 0 0 100 0 100  2
(AKJT97) KQ A732 A S EW AKJT97 A732-KQ-A 6-4-2-1 0 0 0 0 0 0 0 0 0 0 50 0 0 50 0 4.5 100 0 0 0 0 0 0 0 100 0 0 100 0 100  2
(AKJT97) KQ A732 A S -- AKJT97 A732-KQ-A 6-4-2-1 0 0 0 0 0 0 0 0 0 0 50 0 0 50 0 4.5 100 0 0 0 0 0 0 0 100 0 0 100 0 100  2
(AKJT97) KQ A732 A S ++ AKJT97 A732-KQ-A 6-4-2-1 0 0 0 0 0 0 0 0 0 0 50 0 0 50 0 4.5 100 0 0 0 0 0 0 0 100 0 0 100 0 100  2
(AKJT97) KQ A732 A S NS AKJT97 A732-KQ-A 6-4-2-1 0 0 0 0 0 0 0 0 0 0 50 0 0 50 0 4.5 100 0 0 0 0 0 0 0 100 0 0 100 0 100  2
(AKJT97) A A732 KQ S EW AKJT97 A732-KQ-A 6-4-2-1 0 0 0 0 0 0 0 0 0 0 50 0 0 50 0 4.5 100 0 0 0 0 0 0 0 100 0 0 100 0 100  2
(AKJT97) A A732 KQ S -- AKJT97 A732-KQ-A 6-4-2-1 0 0 0 0 0 0 0 0 0 0 50 0 0 50 0 4.5 100 0 0 0 0 0 0 0 100 0 0 100 0 100  2
(AKJT97) A A732 KQ S ++ AKJT97 A732-KQ-A 6-4-2-1 0 0 0 0 0 0 0 0 0 0 50 0 0 50 0 4.5 100 0 0 0 0 0 0 0 100 0 0 100 0 100  2
(AKJT97) A A732 KQ S NS AKJT97 A732-KQ-A 6-4-2-1 0 0 0 0 0 0 0 0 0 0 50 0 0 50 0 4.5 100 0 0 0 0 0 0 0 100 0 0 100 0 100  2
(AKJT97) KQ A A732 S EW AKJT97 A732-KQ-A 6-4-2-1 0 0 0 0 0 0 0 0 0 0 50 0 0 50 0 4.5 100 0 0 0 0 0 0 0 100 0 0 100 0 100  2
(AKJT97) KQ A A732 S -- AKJT97 A732-KQ-A 6-4-2-1 0 0 0 0 0 0 0 0 0 0 50 0 0 50 0 4.5 100 0 0 0 0 0 0 0 100 0 0 100 0 100  2
(AKJT97) KQ A A732 S ++ AKJT97 A732-KQ-A 6-4-2-1 0 0 0 0 0 0 0 0 0 0 50 0 0 50 0 4.5 100 0 0 0 0 0 0 0 100 0 0 100 0 100  2
(AKJT97) KQ A A732 S NS AKJT97 A732-KQ-A 6-4-2-1 0 0 0 0 0 0 0 0 0 0 50 0 0 50 0 4.5 100 0 0 0 0 0 0 0 100 0 0 100 0 100  2
(AKJT97) A KQ A732 S EW AKJT97 A732-KQ-A 6-4-2-1 0 0 0 0 0 0 0 0 0 0 50 0 0 50 0 4.5 100 0 0 0 0 0 0 0 100 0 0 100 0 100  2
(AKJT97) A KQ A732 S -- AKJT97 A732-KQ-A 6-4-2-1 0 0 0 0 0 0 0 0 0 0 50 0 0 50 0 4.5 100 0 0 0 0 0 0 0 100 0 0 100 0 100  2
(AKJT97) A KQ A732 S ++ AKJT97 A732-KQ-A 6-4-2-1 0 0 0 0 0 0 0 0 0 0 50 0 0 50 0 4.5 100 0 0 0 0 0 0 0 100 0 0 100 0 100  2
(AKJT97) A KQ A732 S NS AKJT97 A732-KQ-A 6-4-2-1 0 0 0 0 0 0 0 0 0 0 50 0 0 50 0 4.5 100 0 0 0 0 0 0 0 100 0 0 100 0 100  2
A732 (AKJT97) KQ A H EW AKJT97 A732-KQ-A 6-4-2-1 0 0 0 0 0 0 0 0 0 0 50 0 0 50 0 4.5 100 0 0 0 0 0 0 0 100 0 0 100 0 100  2
A732 (AKJT97) KQ A H -- AKJT97 A732-KQ-A 6-4-2-1 0 0 0 0 0 0 0 0 0 0 50 0 0 50 0 4.5 100 0 0 0 0 0 0 0 100 0 0 100 0 100  2
A732 (AKJT97) KQ A H ++ AKJT97 A732-KQ-A 6-4-2-1 0 0 0 0 0 0 0 0 0 0 50 0 0 50 0 4.5 100 0 0 0 0 0 0 0 100 0 0 100 0 100  2
A732 (AKJT97) KQ A H NS AKJT97 A732-KQ-A 6-4-2-1 0 0 0 0 0 0 0 0 0 0 50 0 0 50 0 4.5 100 0 0 0 0 0 0 0 100 0 0 100 0 100  2
A732 (AKJT97) A KQ H EW AKJT97 A732-KQ-A 6-4-2-1 0 0 0 0 0 0 0 0 0 0 50 0 0 50 0 4.5 100 0 0 0 0 0 0 0 100 0 0 100 0 100  2
A732 (AKJT97) A KQ H -- AKJT97 A732-KQ-A 6-4-2-1 0 0 0 0 0 0 0 0 0 0 50 0 0 50 0 4.5 100 0 0 0 0 0 0 0 100 0 0 100 0 100  2
A732 (AKJT97) A KQ H ++ AKJT97 A732-KQ-A 6-4-2-1 0 0 0 0 0 0 0 0 0 0 50 0 0 50 0 4.5 100 0 0 0 0 0 0 0 100 0 0 100 0 100  2
A732 (AKJT97) A KQ H NS AKJT97 A732-KQ-A 6-4-2-1 0 0 0 0 0 0 0 0 0 0 50 0 0 50 0 4.5 100 0 0 0 0 0 0 0 100 0 0 100 0 100  2
KQ (AKJT97) A732 A H EW AKJT97 A732-KQ-A 6-4-2-1 0 0 0 0 0 0 0 0 0 0 50 0 0 50 0 4.5 100 0 0 0 0 0 0 0 100 0 0 100 0 100  2
KQ (AKJT97) A732 A H -- AKJT97 A732-KQ-A 6-4-2-1 0 0 0 0 0 0 0 0 0 0 50 0 0 50 0 4.5 100 0 0 0 0 0 0 0 100 0 0 100 0 100  2
KQ (AKJT97) A732 A H ++ AKJT97 A732-KQ-A 6-4-2-1 0 0 0 0 0 0 0 0 0 0 50 0 0 50 0 4.5 100 0 0 0 0 0 0 0 100 0 0 100 0 100  2
KQ (AKJT97) A732 A H NS AKJT97 A732-KQ-A 6-4-2-1 0 0 0 0 0 0 0 0 0 0 50 0 0 50 0 4.5 100 0 0 0 0 0 0 0 100 0 0 100 0 100  2
A (AKJT97) A732 KQ H EW AKJT97 A732-KQ-A 6-4-2-1 0 0 0 0 0 0 0 0 0 0 50 0 0 50 0 4.5 100 0 0 0 0 0 0 0 100 0 0 100 0 100  2
A (AKJT97) A732 KQ H -- AKJT97 A732-KQ-A 6-4-2-1 0 0 0 0 0 0 0 0 0 0 50 0 0 50 0 4.5 50 0 50 0 0 0 50 0 50 0 0 50 50 100  2
A (AKJT97) A732 KQ H ++ AKJT97 A732-KQ-A 6-4-2-1 0 0 0 0 0 0 0 0 0 0 50 0 0 50 0 4.5 100 0 0 0 0 0 0 0 100 0 0 100 0 100  2
A (AKJT97) A732 KQ H NS AKJT97 A732-KQ-A 6-4-2-1 0 0 0 0 0 0 0 0 0 0 50 0 0 50 0 4.5 0 0 100 0 0 0 100 0 0 0 0 0 100 100  2
KQ (AKJT97) A A732 H EW AKJT97 A732-KQ-A 6-4-2-1 0 0 0 0 0 0 0 0 0 0 50 0 0 50 0 4.5 100 0 0 0 0 0 0 0 100 0 0 100 0 100  2
KQ (AKJT97) A A732 H -- AKJT97 A732-KQ-A 6-4-2-1 0 0 0 0 0 0 0 0 0 0 50 0 0 50 0 4.5 100 0 0 0 0 0 0 0 100 0 0 100 0 100  2
KQ (AKJT97) A A732 H ++ AKJT97 A732-KQ-A 6-4-2-1 0 0 0 0 0 0 0 0 0 0 50 0 0 50 0 4.5 100 0 0 0 0 0 0 0 100 0 0 100 0 100  2
KQ (AKJT97) A A732 H NS AKJT97 A732-KQ-A 6-4-2-1 0 0 0 0 0 0 0 0 0 0 50 0 0 50 0 4.5 100 0 0 0 0 0 0 0 100 0 0 100 0 100  2
A (AKJT97) KQ A732 H EW AKJT97 A732-KQ-A 6-4-2-1 0 0 0 0 0 0 0 0 0 0 50 0 0 50 0 4.5 100 0 0 0 0 0 0 0 100 0 0 100 0 100  2
A (AKJT97) KQ A732 H -- AKJT97 A732-KQ-A 6-4-2-1 0 0 0 0 0 0 0 0 0 0 50 0 0 50 0 4.5 50 0 50 0 0 0 50 0 50 0 0 50 50 100  2
A (AKJT97) KQ A732 H ++ AKJT97 A732-KQ-A 6-4-2-1 0 0 0 0 0 0 0 0 0 0 50 0 0 50 0 4.5 100 0 0 0 0 0 0 0 100 0 0 100 0 100  2
A (AKJT97) KQ A732 H NS AKJT97 A732-KQ-A 6-4-2-1 0 0 0 0 0 0 0 0 0 0 50 0 0 50 0 4.5 0 0 100 0 0 0 100 0 0 0 0 0 100 100  2
A732 KQ (AKJT97) A D EW AKJT97 A732-KQ-A 6-4-2-1 50 0 0 0 0 0 0 0 0 0 0 0 0 50 0 6 50 0 50 0 0 0 0 50 50 0 0 100 0 50  2
A732 KQ (AKJT97) A D -- AKJT97 A732-KQ-A 6-4-2-1 50 0 0 0 0 0 0 0 0 0 0 0 0 50 0 6 50 0 50 0 0 0 0 50 50 0 0 100 0 50  2
A732 KQ (AKJT97) A D ++ AKJT97 A732-KQ-A 6-4-2-1 50 0 0 0 0 0 0 0 0 0 0 0 0 50 0 6 50 0 50 0 0 0 0 50 50 0 0 100 0 50  2
A732 KQ (AKJT97) A D NS AKJT97 A732-KQ-A 6-4-2-1 50 0 0 0 0 0 0 0 0 0 0 0 0 50 0 6 50 0 50 0 0 0 0 50 50 0 0 100 0 50  2
A732 A (AKJT97) KQ D EW AKJT97 A732-KQ-A 6-4-2-1 50 0 0 0 0 0 0 0 0 0 0 0 0 50 0 6 50 0 50 0 0 0 0 50 50 0 0 100 0 50  2
A732 A (AKJT97) KQ D -- AKJT97 A732-KQ-A 6-4-2-1 50 0 0 0 0 0 0 0 0 0 0 0 0 50 0 6 50 0 50 0 0 0 0 50 50 0 0 100 0 50  2
A732 A (AKJT97) KQ D ++ AKJT97 A732-KQ-A 6-4-2-1 50 0 0 0 0 0 0 0 0 0 0 0 0 50 0 6 50 0 50 0 0 0 0 50 50 0 0 100 0 50  2
A732 A (AKJT97) KQ D NS AKJT97 A732-KQ-A 6-4-2-1 50 0 0 0 0 0 0 0 0 0 0 0 0 50 0 6 50 0 50 0 0 0 0 50 50 0 0 100 0 50  2
KQ A732 (AKJT97) A D EW AKJT97 A732-KQ-A 6-4-2-1 50 0 0 0 0 0 0 0 0 0 0 0 0 50 0 6 50 0 50 0 0 0 0 50 50 0 0 100 0 50  2
KQ A732 (AKJT97) A D -- AKJT97 A732-KQ-A 6-4-2-1 50 0 0 0 0 0 0 0 0 0 0 0 0 50 0 6 50 0 50 0 0 0 0 50 50 0 0 100 0 50  2
KQ A732 (AKJT97) A D ++ AKJT97 A732-KQ-A 6-4-2-1 50 0 0 0 0 0 0 0 0 0 0 0 0 50 0 6 50 0 50 0 0 0 0 50 50 0 0 100 0 50  2
KQ A732 (AKJT97) A D NS AKJT97 A732-KQ-A 6-4-2-1 50 0 0 0 0 0 0 0 0 0 0 0 0 50 0 6 50 0 50 0 0 0 0 50 50 0 0 100 0 50  2
A A732 (AKJT97) KQ D EW AKJT97 A732-KQ-A 6-4-2-1 50 0 0 0 0 0 0 0 0 0 0 0 0 50 0 6 50 0 50 0 0 0 0 50 50 0 0 100 0 50  2
A A732 (AKJT97) KQ D -- AKJT97 A732-KQ-A 6-4-2-1 0 0 0 0 0 0 0 0 0 0 50 0 0 50 0 4.5 50 0 50 0 0 0 50 0 50 0 0 50 50 100  2
A A732 (AKJT97) KQ D ++ AKJT97 A732-KQ-A 6-4-2-1 50 0 0 0 0 0 0 0 0 0 0 0 0 50 0 6 50 0 50 0 0 0 0 50 50 0 0 100 0 50  2
A A732 (AKJT97) KQ D NS AKJT97 A732-KQ-A 6-4-2-1 0 0 0 0 0 0 0 0 0 0 50 0 0 50 0 4.5 50 0 50 0 0 0 50 0 50 0 0 50 50 100  2
KQ A (AKJT97) A732 D EW AKJT97 A732-KQ-A 6-4-2-1 0 0 0 0 0 0 0 0 0 0 50 0 0 50 0 4.5 100 0 0 0 0 0 0 0 100 0 0 100 0 100  2
KQ A (AKJT97) A732 D -- AKJT97 A732-KQ-A 6-4-2-1 0 0 0 0 0 0 0 0 0 0 50 0 0 50 0 4.5 50 0 50 0 0 0 50 0 50 0 0 50 50 100  2
KQ A (AKJT97) A732 D ++ AKJT97 A732-KQ-A 6-4-2-1 0 0 0 0 0 0 0 0 0 0 50 0 0 50 0 4.5 100 0 0 0 0 0 0 0 100 0 0 100 0 100  2
KQ A (AKJT97) A732 D NS AKJT97 A732-KQ-A 6-4-2-1 0 0 0 0 0 0 0 0 0 0 50 0 0 50 0 4.5 50 0 50 0 0 0 50 0 50 0 0 50 50 100  2
A KQ (AKJT97) A732 D EW AKJT97 A732-KQ-A 6-4-2-1 0 0 0 0 0 0 0 0 0 0 50 0 0 50 0 4.5 100 0 0 0 0 0 0 0 100 0 0 100 0 100  2
A KQ (AKJT97) A732 D -- AKJT97 A732-KQ-A 6-4-2-1 0 0 0 0 0 0 0 0 0 0 50 0 0 50 0 4.5 50 0 50 0 0 0 50 0 50 0 0 50 50 100  2
A KQ (AKJT97) A732 D ++ AKJT97 A732-KQ-A 6-4-2-1 0 0 0 0 0 0 0 0 0 0 50 0 0 50 0 4.5 100 0 0 0 0 0 0 0 100 0 0 100 0 100  2
A KQ (AKJT97) A732 D NS AKJT97 A732-KQ-A 6-4-2-1 0 0 0 0 0 0 0 0 0 0 50 0 0 50 0 4.5 50 0 50 0 0 0 50 0 50 0 0 50 50 100  2
A732 KQ A (AKJT97) C EW AKJT97 A732-KQ-A 6-4-2-1 50 0 0 0 0 0 0 0 0 0 0 0 0 50 0 6 50 0 50 0 0 0 0 50 50 0 0 100 0 50  2
A732 KQ A (AKJT97) C -- AKJT97 A732-KQ-A 6-4-2-1 50 0 0 0 0 0 0 0 0 0 0 0 0 50 0 6 50 0 50 0 0 0 0 50 50 0 0 100 0 50  2
A732 KQ A (AKJT97) C ++ AKJT97 A732-KQ-A 6-4-2-1 50 0 0 0 0 0 0 0 0 0 0 0 0 50 0 6 50 0 50 0 0 0 0 50 50 0 0 100 0 50  2
A732 KQ A (AKJT97) C NS AKJT97 A732-KQ-A 6-4-2-1 50 0 0 0 0 0 0 0 0 0 0 0 0 50 0 6 50 0 50 0 0 0 0 50 50 0 0 100 0 50  2
A732 A KQ (AKJT97) C EW AKJT97 A732-KQ-A 6-4-2-1 50 0 0 0 0 0 0 0 0 0 0 0 0 50 0 6 50 0 50 0 0 0 0 50 50 0 0 100 0 50  2
A732 A KQ (AKJT97) C -- AKJT97 A732-KQ-A 6-4-2-1 50 0 0 0 0 0 0 0 0 0 0 0 0 50 0 6 50 0 50 0 0 0 0 50 50 0 0 100 0 50  2
A732 A KQ (AKJT97) C ++ AKJT97 A732-KQ-A 6-4-2-1 50 0 0 0 0 0 0 0 0 0 0 0 0 50 0 6 50 0 50 0 0 0 0 50 50 0 0 100 0 50  2
A732 A KQ (AKJT97) C NS AKJT97 A732-KQ-A 6-4-2-1 50 0 0 0 0 0 0 0 0 0 0 0 0 50 0 6 50 0 50 0 0 0 0 50 50 0 0 100 0 50  2
KQ A732 A (AKJT97) C EW AKJT97 A732-KQ-A 6-4-2-1 50 0 0 0 0 0 0 0 0 0 0 0 0 50 0 6 50 0 50 0 0 0 0 50 50 0 0 100 0 50  2
KQ A732 A (AKJT97) C -- AKJT97 A732-KQ-A 6-4-2-1 50 0 0 0 0 0 0 0 0 0 0 0 0 50 0 6 50 0 50 0 0 0 0 50 50 0 0 100 0 50  2
KQ A732 A (AKJT97) C ++ AKJT97 A732-KQ-A 6-4-2-1 50 0 0 0 0 0 0 0 0 0 0 0 0 50 0 6 50 0 50 0 0 0 0 50 50 0 0 100 0 50  2
KQ A732 A (AKJT97) C NS AKJT97 A732-KQ-A 6-4-2-1 50 0 0 0 0 0 0 0 0 0 0 0 0 50 0 6 50 0 50 0 0 0 0 50 50 0 0 100 0 50  2
A A732 KQ (AKJT97) C EW AKJT97 A732-KQ-A 6-4-2-1 50 0 0 0 0 0 0 0 0 0 0 0 0 50 0 6 50 0 50 0 0 0 0 50 50 0 0 100 0 50  2
A A732 KQ (AKJT97) C -- AKJT97 A732-KQ-A 6-4-2-1 0 0 0 0 0 0 0 0 0 0 50 0 0 50 0 4.5 50 0 50 0 0 0 50 0 50 0 0 50 50 100  2
A A732 KQ (AKJT97) C ++ AKJT97 A732-KQ-A 6-4-2-1 50 0 0 0 0 0 0 0 0 0 0 0 0 50 0 6 50 0 50 0 0 0 0 50 50 0 0 100 0 50  2
A A732 KQ (AKJT97) C NS AKJT97 A732-KQ-A 6-4-2-1 0 0 0 0 0 0 0 0 0 0 50 0 0 50 0 4.5 50 0 50 0 0 0 50 0 50 0 0 50 50 100  2
KQ A A732 (AKJT97) C EW AKJT97 A732-KQ-A 6-4-2-1 0 0 0 0 0 0 0 0 0 0 50 0 0 50 0 4.5 100 0 0 0 0 0 0 0 100 0 0 100 0 100  2
KQ A A732 (AKJT97) C -- AKJT97 A732-KQ-A 6-4-2-1 0 0 0 0 0 0 0 0 0 0 50 0 0 50 0 4.5 50 0 50 0 0 0 50 0 50 0 0 50 50 100  2
KQ A A732 (AKJT97) C ++ AKJT97 A732-KQ-A 6-4-2-1 0 0 0 0 0 0 0 0 0 0 50 0 0 50 0 4.5 100 0 0 0 0 0 0 0 100 0 0 100 0 100  2
KQ A A732 (AKJT97) C NS AKJT97 A732-KQ-A 6-4-2-1 0 0 0 0 0 0 0 0 0 0 50 0 0 50 0 4.5 50 0 50 0 0 0 50 0 50 0 0 50 50 100  2
A KQ A732 (AKJT97) C EW AKJT97 A732-KQ-A 6-4-2-1 0 0 0 0 0 0 0 0 0 0 50 0 0 50 0 4.5 100 0 0 0 0 0 0 0 100 0 0 100 0 100  2
A KQ A732 (AKJT97) C -- AKJT97 A732-KQ-A 6-4-2-1 0 0 0 0 0 0 0 0 0 0 50 0 0 50 0 4.5 50 0 50 0 0 0 50 0 50 0 0 50 50 100  2
A KQ A732 (AKJT97) C ++ AKJT97 A732-KQ-A 6-4-2-1 0 0 0 0 0 0 0 0 0 0 50 0 0 50 0 4.5 100 0 0 0 0 0 0 0 100 0 0 100 0 100  2
A KQ A732 (AKJT97) C NS AKJT97 A732-KQ-A 6-4-2-1 0 0 0 0 0 0 0 0 0 0 50 0 0 50 0 4.5 50 0 50 0 0 0 50 0 50 0 0 50 50 100  2
(AKJT97) K654 82 2 S EW AKJT97 K654-82-2 6-4-2-1 0 0 0 0 0 0 0 0 0 0 0 0 50 50 0 5.5 0 50 50 0 50 0 0 0 0 0 50 50 50 100  2
(AKJT97) K654 82 2 S -- AKJT97 K654-82-2 6-4-2-1 0 0 0 0 0 0 0 0 0 0 0 50 0 50 0 5 0 50 50 50 0 0 0 0 0 0 50 50 50 50  2
(AKJT97) K654 82 2 S ++ AKJT97 K654-82-2 6-4-2-1 0 0 0 0 0 0 0 0 0 0 0 50 0 50 0 5 0 50 50 50 0 0 0 0 0 0 50 50 50 50  2
(AKJT97) K654 82 2 S NS AKJT97 K654-82-2 6-4-2-1 0 0 0 0 0 0 0 0 0 0 50 0 0 50 0 4.5 0 50 50 50 0 0 0 0 0 0 50 50 50 50  2
(AKJT97) K654 2 82 S EW AKJT97 K654-82-2 6-4-2-1 0 0 0 0 0 0 0 0 0 0 0 0 50 50 0 5.5 0 50 50 0 50 0 0 0 0 0 50 50 50 100  2
(AKJT97) K654 2 82 S -- AKJT97 K654-82-2 6-4-2-1 0 0 0 0 0 0 0 0 0 0 0 50 0 50 0 5 0 50 50 50 0 0 0 0 0 0 50 50 50 50  2
(AKJT97) K654 2 82 S ++ AKJT97 K654-82-2 6-4-2-1 0 0 0 0 0 0 0 0 0 0 0 50 0 50 0 5 0 50 50 50 0 0 0 0 0 0 50 50 50 50  2
(AKJT97) K654 2 82 S NS AKJT97 K654-82-2 6-4-2-1 0 0 0 0 0 0 0 0 0 0 50 0 0 50 0 4.5 0 50 50 50 0 0 0 0 0 0 50 50 50 50  2
(AKJT97) 82 K654 2 S EW AKJT97 K654-82-2 6-4-2-1 0 0 0 0 0 0 0 0 0 0 0 0 50 50 0 5.5 0 50 50 0 50 0 0 0 0 0 50 50 50 100  2
(AKJT97) 82 K654 2 S -- AKJT97 K654-82-2 6-4-2-1 0 0 0 0 0 0 0 0 0 0 0 50 0 50 0 5 0 50 50 50 0 0 0 0 0 0 50 50 50 50  2
(AKJT97) 82 K654 2 S ++ AKJT97 K654-82-2 6-4-2-1 0 0 0 0 0 0 0 0 0 0 0 50 0 50 0 5 0 50 50 50 0 0 0 0 0 0 50 50 50 50  2
(AKJT97) 82 K654 2 S NS AKJT97 K654-82-2 6-4-2-1 0 0 0 0 0 0 0 0 0 0 50 0 0 50 0 4.5 0 50 50 50 0 0 0 0 0 0 50 50 50 50  2
(AKJT97) 2 K654 82 S EW AKJT97 K654-82-2 6-4-2-1 0 0 0 0 0 0 0 0 0 0 0 0 0 100 0 6 0 100 0 0 0 0 0 0 0 0 100 100 100 100  2
(AKJT97) 2 K654 82 S -- AKJT97 K654-82-2 6-4-2-1 0 0 0 0 0 0 0 0 0 0 0 50 0 50 0 5 0 50 50 50 0 0 0 0 0 0 50 50 50 50  2
(AKJT97) 2 K654 82 S ++ AKJT97 K654-82-2 6-4-2-1 0 0 0 0 0 0 0 0 0 0 0 0 50 50 0 5.5 0 50 50 0 50 0 0 0 0 0 50 50 50 100  2
(AKJT97) 2 K654 82 S NS AKJT97 K654-82-2 6-4-2-1 0 0 0 0 0 0 0 0 0 0 50 0 0 50 0 4.5 0 50 50 50 0 0 0 0 0 0 50 50 50 50  2
(AKJT97) 82 2 K654 S EW AKJT97 K654-82-2 6-4-2-1 0 0 0 0 0 0 0 0 0 0 0 0 50 50 0 5.5 0 50 50 0 50 0 0 0 0 0 50 50 50 100  2
(AKJT97) 82 2 K654 S -- AKJT97 K654-82-2 6-4-2-1 0 0 0 0 0 0 0 0 0 0 0 50 0 50 0 5 0 50 50 50 0 0 0 0 0 0 50 50 50 50  2
(AKJT97) 82 2 K654 S ++ AKJT97 K654-82-2 6-4-2-1 0 0 0 0 0 0 0 0 0 0 0 50 0 50 0 5 0 50 50 50 0 0 0 0 0 0 50 50 50 50  2
(AKJT97) 82 2 K654 S NS AKJT97 K654-82-2 6-4-2-1 0 0 0 0 0 0 0 0 0 0 50 0 0 50 0 4.5 0 50 50 50 0 0 0 0 0 0 50 50 50 50  2
(AKJT97) 2 82 K654 S EW AKJT97 K654-82-2 6-4-2-1 0 0 0 0 0 0 0 0 0 0 0 0 0 100 0 6 0 100 0 0 0 0 0 0 0 0 100 100 100 100  2
(AKJT97) 2 82 K654 S -- AKJT97 K654-82-2 6-4-2-1 0 0 0 0 0 0 0 0 0 0 0 50 0 50 0 5 0 50 50 50 0 0 0 0 0 0 50 50 50 50  2
(AKJT97) 2 82 K654 S ++ AKJT97 K654-82-2 6-4-2-1 0 0 0 0 0 0 0 0 0 0 0 0 50 50 0 5.5 0 50 50 0 50 0 0 0 0 0 50 50 50 100  2
(AKJT97) 2 82 K654 S NS AKJT97 K654-82-2 6-4-2-1 0 0 0 0 0 0 0 0 0 0 50 0 0 50 0 4.5 0 50 50 50 0 0 0 0 0 0 50 50 50 50  2
K654 (AKJT97) 82 2 H EW AKJT97 K654-82-2 6-4-2-1 0 0 0 0 0 0 0 0 0 0 0 0 50 50 0 5.5 0 50 50 0 50 0 0 0 0 0 50 50 50 100  2
K654 (AKJT97) 82 2 H -- AKJT97 K654-82-2 6-4-2-1 0 0 0 0 0 0 0 0 0 0 0 50 0 50 0 5 0 50 50 50 0 0 0 0 0 0 50 50 50 50  2
K654 (AKJT97) 82 2 H ++ AKJT97 K654-82-2 6-4-2-1 0 0 0 0 0 0 0 0 0 0 0 50 0 50 0 5 0 50 50 50 0 0 0 0 0 0 50 50 50 50  2
K654 (AKJT97) 82 2 H NS AKJT97 K654-82-2 6-4-2-1 0 0 0 0 0 0 0 0 0 0 50 0 0 50 0 4.5 0 50 50 50 0 0 0 0 0 0 50 50 50 50  2
K654 (AKJT97) 2 82 H EW AKJT97 K654-82-2 6-4-2-1 0 0 0 0 0 0 0 0 0 0 0 0 50 50 0 5.5 0 50 50 0 50 0 0 0 0 0 50 50 50 100  2
K654 (AKJT97) 2 82 H -- AKJT97 K654-82-2 6-4-2-1 0 0 0 0 0 0 0 0 0 0 0 50 0 50 0 5 0 50 50 50 0 0 0 0 0 0 50 50 50 50  2
K654 (AKJT97) 2 82 H ++ AKJT97 K654-82-2 6-4-2-1 0 0 0 0 0 0 0 0 0 0 0 50 0 50 0 5 0 50 50 50 0 0 0 0 0 0 50 50 50 50  2
K654 (AKJT97) 2 82 H NS AKJT97 K654-82-2 6-4-2-1 0 0 0 0 0 0 0 0 0 0 50 0 0 50 0 4.5 0 50 50 50 0 0 0 0 0 0 50 50 50 50  2
82 (AKJT97) K654 2 H EW AKJT97 K654-82-2 6-4-2-1 0 0 0 0 0 0 0 0 0 0 0 0 50 0 50 6 0 50 50 0 50 0 0 0 0 0 50 50 50 100  2
82 (AKJT97) K654 2 H -- AKJT97 K654-82-2 6-4-2-1 0 0 0 0 0 0 0 0 0 0 0 50 0 0 50 5.5 0 50 50 50 0 0 0 0 0 0 50 50 50 50  2
82 (AKJT97) K654 2 H ++ AKJT97 K654-82-2 6-4-2-1 0 0 0 0 0 0 0 0 0 0 0 50 0 0 50 5.5 0 50 50 50 0 0 0 0 0 0 50 50 50 50  2
82 (AKJT97) K654 2 H NS AKJT97 K654-82-2 6-4-2-1 0 0 0 0 0 0 0 0 0 0 50 0 0 50 0 4.5 0 0 100 50 50 0 0 0 0 0 0 0 0 50  2
2 (AKJT97) K654 82 H EW AKJT97 K654-82-2 6-4-2-1 0 0 0 0 0 0 0 0 0 0 0 0 0 100 0 6 0 50 50 0 50 0 0 0 0 0 50 50 50 100  2
2 (AKJT97) K654 82 H -- AKJT97 K654-82-2 6-4-2-1 0 0 0 0 0 0 0 0 0 0 0 50 0 50 0 5 0 50 50 50 0 0 0 0 0 0 50 50 50 50  2
2 (AKJT97) K654 82 H ++ AKJT97 K654-82-2 6-4-2-1 0 0 0 0 0 0 0 0 0 0 0 0 50 50 0 5.5 0 50 50 50 0 0 0 0 0 0 50 50 50 50  2
2 (AKJT97) K654 82 H NS AKJT97 K654-82-2 6-4-2-1 0 0 0 0 0 0 0 0 0 0 50 0 0 50 0 4.5 0 50 50 50 0 0 0 0 0 0 50 50 50 50  2
82 (AKJT97) 2 K654 H EW AKJT97 K654-82-2 6-4-2-1 0 0 0 0 0 0 0 0 0 0 0 0 50 0 50 6 0 50 50 0 50 0 0 0 0 0 50 50 50 100  2
82 (AKJT97) 2 K654 H -- AKJT97 K654-82-2 6-4-2-1 0 0 0 0 0 0 0 0 0 0 0 50 0 0 50 5.5 0 50 50 50 0 0 0 0 0 0 50 50 50 50  2
82 (AKJT97) 2 K654 H ++ AKJT97 K654-82-2 6-4-2-1 0 0 0 0 0 0 0 0 0 0 0 50 0 0 50 5.5 0 50 50 50 0 0 0 0 0 0 50 50 50 50  2
82 (AKJT97) 2 K654 H NS AKJT97 K654-82-2 6-4-2-1 0 0 0 0 0 0 0 0 0 0 50 0 0 50 0 4.5 0 0 100 50 50 0 0 0 0 0 0 0 0 50  2
2 (AKJT97) 82 K654 H EW AKJT97 K654-82-2 6-4-2-1 0 0 0 0 0 0 0 0 0 0 0 0 0 100 0 6 0 50 50 0 50 0 0 0 0 0 50 50 50 100  2
2 (AKJT97) 82 K654 H -- AKJT97 K654-82-2 6-4-2-1 0 0 0 0 0 0 0 0 0 0 0 50 0 50 0 5 0 50 50 50 0 0 0 0 0 0 50 50 50 50  2
2 (AKJT97) 82 K654 H ++ AKJT97 K654-82-2 6-4-2-1 0 0 0 0 0 0 0 0 0 0 0 0 50 50 0 5.5 0 50 50 50 0 0 0 0 0 0 50 50 50 50  2
2 (AKJT97) 82 K654 H NS AKJT97 K654-82-2 6-4-2-1 0 0 0 0 0 0 0 0 0 0 50 0 0 50 0 4.5 0 50 50 50 0 0 0 0 0 0 50 50 50 50  2
K654 82 (AKJT97) 2 D EW AKJT97 K654-82-2 6-4-2-1 0 0 0 0 0 0 0 0 0 0 0 0 50 0 50 6 0 50 50 0 50 0 0 0 0 0 50 50 50 100  2
K654 82 (AKJT97) 2 D -- AKJT97 K654-82-2 6-4-2-1 0 0 0 0 0 0 0 0 0 0 0 50 0 0 50 5.5 0 50 50 50 0 0 0 0 0 0 50 50 50 50  2
K654 82 (AKJT97) 2 D ++ AKJT97 K654-82-2 6-4-2-1 0 0 0 0 0 0 0 0 0 0 0 50 0 0 50 5.5 0 50 50 50 0 0 0 0 0 0 50 50 50 50  2
K654 82 (AKJT97) 2 D NS AKJT97 K654-82-2 6-4-2-1 0 0 0 0 0 0 0 0 0 0 50 0 0 50 0 4.5 0 0 100 50 50 0 0 0 0 0 0 0 0 50  2
K654 2 (AKJT97) 82 D EW AKJT97 K654-82-2 6-4-2-1 0 0 0 0 0 0 0 0 0 0 0 0 0 100 0 6 0 50 50 0 0 0 0 0 0 50 50 100 100 50  2
K654 2 (AKJT97) 82 D -- AKJT97 K654-82-2 6-4-2-1 0 0 0 0 0 0 0 0 0 0 0 50 0 50 0 5 0 50 50 50 0 0 0 0 0 0 50 50 50 50  2
K654 2 (AKJT97) 82 D ++ AKJT97 K654-82-2 6-4-2-1 0 0 0 0 0 0 0 0 0 0 0 0 50 50 0 5.5 0 50 50 50 0 0 0 0 0 0 50 50 50 50  2
K654 2 (AKJT97) 82 D NS AKJT97 K654-82-2 6-4-2-1 0 0 0 0 0 0 0 0 0 0 50 0 0 50 0 4.5 0 50 50 50 0 0 0 0 0 0 50 50 50 50  2
82 K654 (AKJT97) 2 D EW AKJT97 K654-82-2 6-4-2-1 0 0 0 0 0 0 0 0 0 0 0 0 50 0 50 6 0 50 50 0 50 0 0 0 0 0 50 50 50 100  2
82 K654 (AKJT97) 2 D -- AKJT97 K654-82-2 6-4-2-1 0 0 0 0 0 0 0 0 0 0 0 50 0 0 50 5.5 0 50 50 50 0 0 0 0 0 0 50 50 50 50  2
82 K654 (AKJT97) 2 D ++ AKJT97 K654-82-2 6-4-2-1 0 0 0 0 0 0 0 0 0 0 0 50 0 0 50 5.5 0 50 50 50 0 0 0 0 0 0 50 50 50 50  2
82 K654 (AKJT97) 2 D NS AKJT97 K654-82-2 6-4-2-1 0 0 0 0 0 0 0 0 0 0 50 0 0 50 0 4.5 0 0 100 50 50 0 0 0 0 0 0 0 0 50  2
2 K654 (AKJT97) 82 D EW AKJT97 K654-82-2 6-4-2-1 0 0 0 0 0 0 0 0 0 0 0 0 0 100 0 6 0 50 50 0 50 0 0 0 0 0 50 50 50 100  2
2 K654 (AKJT97) 82 D -- AKJT97 K654-82-2 6-4-2-1 0 0 0 0 0 0 0 0 0 0 0 50 0 50 0 5 0 50 50 50 0 0 0 0 0 0 50 50 50 50  2
2 K654 (AKJT97) 82 D ++ AKJT97 K654-82-2 6-4-2-1 0 0 0 0 0 0 0 0 0 0 0 0 50 50 0 5.5 0 50 50 50 0 0 0 0 0 0 50 50 50 50  2
2 K654 (AKJT97) 82 D NS AKJT97 K654-82-2 6-4-2-1 0 0 0 0 0 0 0 0 0 0 50 0 0 50 0 4.5 0 50 50 50 0 0 0 0 0 0 50 50 50 50  2
82 2 (AKJT97) K654 D EW AKJT97 K654-82-2 6-4-2-1 0 0 0 0 0 0 0 0 0 0 0 0 0 50 50 6.5 0 50 50 0 50 0 0 0 0 0 50 50 50 100  2
82 2 (AKJT97) K654 D -- AKJT97 K654-82-2 6-4-2-1 0 0 0 0 0 0 0 0 0 0 0 50 0 0 50 5.5 0 50 50 50 0 0 0 0 0 0 50 50 50 50  2
82 2 (AKJT97) K654 D ++ AKJT97 K654-82-2 6-4-2-1 0 0 0 0 0 0 0 0 0 0 0 0 50 0 50 6 0 50 50 50 0 0 0 0 0 0 50 50 50 50  2
82 2 (AKJT97) K654 D NS AKJT97 K654-82-2 6-4-2-1 0 0 0 0 0 0 0 0 0 0 50 0 0 50 0 4.5 0 0 100 50 50 0 0 0 0 0 0 0 0 50  2
2 82 (AKJT97) K654 D EW AKJT97 K654-82-2 6-4-2-1 0 0 0 0 0 0 0 0 0 0 0 0 0 50 50 6.5 0 50 50 0 50 0 0 0 0 0 50 50 50 100  2
2 82 (AKJT97) K654 D -- AKJT97 K654-82-2 6-4-2-1 0 0 0 0 0 0 0 0 0 0 0 50 0 0 50 5.5 0 50 50 50 0 0 0 0 0 0 50 50 50 50  2
2 82 (AKJT97) K654 D ++ AKJT97 K654-82-2 6-4-2-1 0 0 0 0 0 0 0 0 0 0 0 0 50 0 50 6 0 50 50 50 0 0 0 0 0 0 50 50 50 50  2
2 82 (AKJT97) K654 D NS AKJT97 K654-82-2 6-4-2-1 0 0 0 0 0 0 0 0 0 0 50 0 0 50 0 4.5 0 0 100 50 50 0 0 0 0 0 0 0 0 50  2
K654 82 2 (AKJT97) C EW AKJT97 K654-82-2 6-4-2-1 0 0 0 0 0 0 0 0 0 0 0 0 50 0 50 6 0 50 50 50 0 0 0 0 0 0 50 50 50 50  2
K654 82 2 (AKJT97) C -- AKJT97 K654-82-2 6-4-2-1 0 0 0 0 0 0 0 0 0 0 0 50 0 0 50 5.5 0 50 50 50 0 0 0 0 0 0 50 50 50 50  2
K654 82 2 (AKJT97) C ++ AKJT97 K654-82-2 6-4-2-1 0 0 0 0 0 0 0 0 0 0 0 50 0 0 50 5.5 0 50 50 50 0 0 0 0 0 0 50 50 50 50  2
K654 82 2 (AKJT97) C NS AKJT97 K654-82-2 6-4-2-1 0 0 0 0 0 0 0 0 0 0 50 0 0 50 0 4.5 0 0 100 50 50 0 0 0 0 0 0 0 0 50  2
K654 2 82 (AKJT97) C EW AKJT97 K654-82-2 6-4-2-1 0 0 0 0 0 0 0 0 0 0 0 0 0 50 50 6.5 0 50 50 0 0 0 0 0 0 50 50 100 100 50  2
K654 2 82 (AKJT97) C -- AKJT97 K654-82-2 6-4-2-1 0 0 0 0 0 0 0 0 0 0 0 50 0 0 50 5.5 0 50 50 50 0 0 0 0 0 0 50 50 50 50  2
K654 2 82 (AKJT97) C ++ AKJT97 K654-82-2 6-4-2-1 0 0 0 0 0 0 0 0 0 0 0 0 50 0 50 6 0 50 50 50 0 0 0 0 0 0 50 50 50 50  2
K654 2 82 (AKJT97) C NS AKJT97 K654-82-2 6-4-2-1 0 0 0 0 0 0 0 0 0 0 50 0 0 50 0 4.5 0 0 100 50 50 0 0 0 0 0 0 0 0 50  2
82 K654 2 (AKJT97) C EW AKJT97 K654-82-2 6-4-2-1 0 0 0 0 0 0 0 0 0 0 0 0 50 0 50 6 0 50 50 50 0 0 0 0 0 0 50 50 50 50  2
82 K654 2 (AKJT97) C -- AKJT97 K654-82-2 6-4-2-1 0 0 0 0 0 0 0 0 0 0 0 50 0 0 50 5.5 0 50 50 50 0 0 0 0 0 0 50 50 50 50  2
82 K654 2 (AKJT97) C ++ AKJT97 K654-82-2 6-4-2-1 0 0 0 0 0 0 0 0 0 0 0 50 0 0 50 5.5 0 50 50 50 0 0 0 0 0 0 50 50 50 50  2
82 K654 2 (AKJT97) C NS AKJT97 K654-82-2 6-4-2-1 0 0 0 0 0 0 0 0 0 0 50 0 0 50 0 4.5 0 0 100 50 50 0 0 0 0 0 0 0 0 50  2
2 K654 82 (AKJT97) C EW AKJT97 K654-82-2 6-4-2-1 0 0 0 0 0 0 0 0 0 0 0 0 0 50 50 6.5 0 50 50 0 50 0 0 0 0 0 50 50 50 100  2
2 K654 82 (AKJT97) C -- AKJT97 K654-82-2 6-4-2-1 0 0 0 0 0 0 0 0 0 0 0 50 0 0 50 5.5 0 50 50 50 0 0 0 0 0 0 50 50 50 50  2
2 K654 82 (AKJT97) C ++ AKJT97 K654-82-2 6-4-2-1 0 0 0 0 0 0 0 0 0 0 0 0 50 0 50 6 0 50 50 50 0 0 0 0 0 0 50 50 50 50  2
2 K654 82 (AKJT97) C NS AKJT97 K654-82-2 6-4-2-1 0 0 0 0 0 0 0 0 0 0 50 0 0 50 0 4.5 0 0 100 50 50 0 0 0 0 0 0 0 0 50  2
82 2 K654 (AKJT97) C EW AKJT97 K654-82-2 6-4-2-1 0 0 0 0 0 0 0 0 0 0 0 0 0 50 50 6.5 0 50 50 0 50 0 0 0 0 0 50 50 50 100  2
82 2 K654 (AKJT97) C -- AKJT97 K654-82-2 6-4-2-1 0 0 0 0 0 0 0 0 0 0 0 50 0 0 50 5.5 0 50 50 50 0 0 0 0 0 0 50 50 50 50  2
82 2 K654 (AKJT97) C ++ AKJT97 K654-82-2 6-4-2-1 0 0 0 0 0 0 0 0 0 0 0 0 50 0 50 6 0 50 50 50 0 0 0 0 0 0 50 50 50 50  2
82 2 K654 (AKJT97) C NS AKJT97 K654-82-2 6-4-2-1 0 0 0 0 0 0 0 0 0 0 50 0 0 50 0 4.5 0 0 100 50 50 0 0 0 0 0 0 0 0 50  2
2 82 K654 (AKJT97) C EW AKJT97 K654-82-2 6-4-2-1 0 0 0 0 0 0 0 0 0 0 0 0 0 50 50 6.5 0 50 50 0 50 0 0 0 0 0 50 50 50 100  2
2 82 K654 (AKJT97) C -- AKJT97 K654-82-2 6-4-2-1 0 0 0 0 0 0 0 0 0 0 0 50 0 0 50 5.5 0 50 50 50 0 0 0 0 0 0 50 50 50 50  2
2 82 K654 (AKJT97) C ++ AKJT97 K654-82-2 6-4-2-1 0 0 0 0 0 0 0 0 0 0 0 0 50 0 50 6 0 50 50 50 0 0 0 0 0 0 50 50 50 50  2
2 82 K654 (AKJT97) C NS AKJT97 K654-82-2 6-4-2-1 0 0 0 0 0 0 0 0 0 0 50 0 0 50 0 4.5 0 0 100 50 50 0 0 0 0 0 0 0 0 50  2
