generateHands "AK7542 AK62 64 J"
S H D C Bid Vul Combo OtherCombo HandPattern NO -6 -5 -4 -3 -2 -1 0 1 2 3 4 5 6 7 avg ParPos ParNeg noPar b000 b001 b010 b011 b100 b101 b110 b111 b1xx bx1x bxx1  Cnt
(KQJ) 5432 542 543 S EW KQJ 5432-542-543 3-4-3-3 100 0 0 0 0 0 0 0 0 0 0 0 0 0 0 0 0 0 100 0 0 0 0 100 0 0 0 100 0 0  1
(KQJ) 5432 542 543 S -- KQJ 5432-542-543 3-4-3-3 100 0 0 0 0 0 0 0 0 0 0 0 0 0 0 0 0 0 100 0 0 0 0 100 0 0 0 100 0 0  1
(KQJ) 5432 542 543 S ++ KQJ 5432-542-543 3-4-3-3 100 0 0 0 0 0 0 0 0 0 0 0 0 0 0 0 0 0 100 0 0 0 0 100 0 0 0 100 0 0  1
(KQJ) 5432 542 543 S NS KQJ 5432-542-543 3-4-3-3 100 0 0 0 0 0 0 0 0 0 0 0 0 0 0 0 0 0 100 0 0 0 0 100 0 0 0 100 0 0  1
(KQJ) 5432 543 542 S EW KQJ 5432-542-543 3-4-3-3 100 0 0 0 0 0 0 0 0 0 0 0 0 0 0 0 0 0 100 0 0 0 0 100 0 0 0 100 0 0  1
(KQJ) 5432 543 542 S -- KQJ 5432-542-543 3-4-3-3 100 0 0 0 0 0 0 0 0 0 0 0 0 0 0 0 0 0 100 0 0 0 0 100 0 0 0 100 0 0  1
(KQJ) 5432 543 542 S ++ KQJ 5432-542-543 3-4-3-3 100 0 0 0 0 0 0 0 0 0 0 0 0 0 0 0 0 0 100 0 0 0 0 100 0 0 0 100 0 0  1
(KQJ) 5432 543 542 S NS KQJ 5432-542-543 3-4-3-3 100 0 0 0 0 0 0 0 0 0 0 0 0 0 0 0 0 0 100 0 0 0 0 100 0 0 0 100 0 0  1
(KQJ) 542 5432 543 S EW KQJ 5432-542-543 3-4-3-3 100 0 0 0 0 0 0 0 0 0 0 0 0 0 0 0 0 0 100 0 0 0 0 100 0 0 0 100 0 0  1
(KQJ) 542 5432 543 S -- KQJ 5432-542-543 3-4-3-3 100 0 0 0 0 0 0 0 0 0 0 0 0 0 0 0 0 0 100 0 0 0 0 100 0 0 0 100 0 0  1
(KQJ) 542 5432 543 S ++ KQJ 5432-542-543 3-4-3-3 100 0 0 0 0 0 0 0 0 0 0 0 0 0 0 0 0 0 100 0 0 0 0 100 0 0 0 100 0 0  1
(KQJ) 542 5432 543 S NS KQJ 5432-542-543 3-4-3-3 100 0 0 0 0 0 0 0 0 0 0 0 0 0 0 0 0 0 100 0 0 0 0 100 0 0 0 100 0 0  1
(KQJ) 543 5432 542 S EW KQJ 5432-542-543 3-4-3-3 100 0 0 0 0 0 0 0 0 0 0 0 0 0 0 0 0 0 100 0 0 0 0 100 0 0 0 100 0 0  1
(KQJ) 543 5432 542 S -- KQJ 5432-542-543 3-4-3-3 100 0 0 0 0 0 0 0 0 0 0 0 0 0 0 0 0 0 100 0 0 0 0 100 0 0 0 100 0 0  1
(KQJ) 543 5432 542 S ++ KQJ 5432-542-543 3-4-3-3 100 0 0 0 0 0 0 0 0 0 0 0 0 0 0 0 0 0 100 0 0 0 0 100 0 0 0 100 0 0  1
(KQJ) 543 5432 542 S NS KQJ 5432-542-543 3-4-3-3 100 0 0 0 0 0 0 0 0 0 0 0 0 0 0 0 0 0 100 0 0 0 0 100 0 0 0 100 0 0  1
(KQJ) 542 543 5432 S EW KQJ 5432-542-543 3-4-3-3 100 0 0 0 0 0 0 0 0 0 0 0 0 0 0 0 0 0 100 0 0 0 0 100 0 0 0 100 0 0  1
(KQJ) 542 543 5432 S -- KQJ 5432-542-543 3-4-3-3 100 0 0 0 0 0 0 0 0 0 0 0 0 0 0 0 0 0 100 0 0 0 0 100 0 0 0 100 0 0  1
(KQJ) 542 543 5432 S ++ KQJ 5432-542-543 3-4-3-3 100 0 0 0 0 0 0 0 0 0 0 0 0 0 0 0 0 0 100 0 0 0 0 100 0 0 0 100 0 0  1
(KQJ) 542 543 5432 S NS KQJ 5432-542-543 3-4-3-3 100 0 0 0 0 0 0 0 0 0 0 0 0 0 0 0 0 0 100 0 0 0 0 100 0 0 0 100 0 0  1
(KQJ) 543 542 5432 S EW KQJ 5432-542-543 3-4-3-3 100 0 0 0 0 0 0 0 0 0 0 0 0 0 0 0 0 0 100 0 0 0 0 100 0 0 0 100 0 0  1
(KQJ) 543 542 5432 S -- KQJ 5432-542-543 3-4-3-3 100 0 0 0 0 0 0 0 0 0 0 0 0 0 0 0 0 0 100 0 0 0 0 100 0 0 0 100 0 0  1
(KQJ) 543 542 5432 S ++ KQJ 5432-542-543 3-4-3-3 100 0 0 0 0 0 0 0 0 0 0 0 0 0 0 0 0 0 100 0 0 0 0 100 0 0 0 100 0 0  1
(KQJ) 543 542 5432 S NS KQJ 5432-542-543 3-4-3-3 100 0 0 0 0 0 0 0 0 0 0 0 0 0 0 0 0 0 100 0 0 0 0 100 0 0 0 100 0 0  1
5432 (KQJ) 542 543 H EW KQJ 5432-542-543 3-4-3-3 100 0 0 0 0 0 0 0 0 0 0 0 0 0 0 0 0 0 100 0 0 0 0 100 0 0 0 100 0 0  1
5432 (KQJ) 542 543 H -- KQJ 5432-542-543 3-4-3-3 100 0 0 0 0 0 0 0 0 0 0 0 0 0 0 0 0 0 100 0 0 0 0 100 0 0 0 100 0 0  1
5432 (KQJ) 542 543 H ++ KQJ 5432-542-543 3-4-3-3 100 0 0 0 0 0 0 0 0 0 0 0 0 0 0 0 0 0 100 0 0 0 0 100 0 0 0 100 0 0  1
5432 (KQJ) 542 543 H NS KQJ 5432-542-543 3-4-3-3 100 0 0 0 0 0 0 0 0 0 0 0 0 0 0 0 0 0 100 0 0 0 0 100 0 0 0 100 0 0  1
5432 (KQJ) 543 542 H EW KQJ 5432-542-543 3-4-3-3 100 0 0 0 0 0 0 0 0 0 0 0 0 0 0 0 0 0 100 0 0 0 0 100 0 0 0 100 0 0  1
5432 (KQJ) 543 542 H -- KQJ 5432-542-543 3-4-3-3 100 0 0 0 0 0 0 0 0 0 0 0 0 0 0 0 0 0 100 0 0 0 0 100 0 0 0 100 0 0  1
5432 (KQJ) 543 542 H ++ KQJ 5432-542-543 3-4-3-3 100 0 0 0 0 0 0 0 0 0 0 0 0 0 0 0 0 0 100 0 0 0 0 100 0 0 0 100 0 0  1
5432 (KQJ) 543 542 H NS KQJ 5432-542-543 3-4-3-3 100 0 0 0 0 0 0 0 0 0 0 0 0 0 0 0 0 0 100 0 0 0 0 100 0 0 0 100 0 0  1
542 (KQJ) 5432 543 H EW KQJ 5432-542-543 3-4-3-3 100 0 0 0 0 0 0 0 0 0 0 0 0 0 0 0 0 0 100 0 0 0 0 100 0 0 0 100 0 0  1
542 (KQJ) 5432 543 H -- KQJ 5432-542-543 3-4-3-3 100 0 0 0 0 0 0 0 0 0 0 0 0 0 0 0 0 0 100 0 0 0 0 100 0 0 0 100 0 0  1
542 (KQJ) 5432 543 H ++ KQJ 5432-542-543 3-4-3-3 100 0 0 0 0 0 0 0 0 0 0 0 0 0 0 0 0 0 100 0 0 0 0 100 0 0 0 100 0 0  1
542 (KQJ) 5432 543 H NS KQJ 5432-542-543 3-4-3-3 100 0 0 0 0 0 0 0 0 0 0 0 0 0 0 0 0 0 100 0 0 0 0 100 0 0 0 100 0 0  1
543 (KQJ) 5432 542 H EW KQJ 5432-542-543 3-4-3-3 100 0 0 0 0 0 0 0 0 0 0 0 0 0 0 0 0 0 100 0 0 0 0 100 0 0 0 100 0 0  1
543 (KQJ) 5432 542 H -- KQJ 5432-542-543 3-4-3-3 100 0 0 0 0 0 0 0 0 0 0 0 0 0 0 0 0 0 100 0 0 0 0 100 0 0 0 100 0 0  1
543 (KQJ) 5432 542 H ++ KQJ 5432-542-543 3-4-3-3 100 0 0 0 0 0 0 0 0 0 0 0 0 0 0 0 0 0 100 0 0 0 0 100 0 0 0 100 0 0  1
543 (KQJ) 5432 542 H NS KQJ 5432-542-543 3-4-3-3 100 0 0 0 0 0 0 0 0 0 0 0 0 0 0 0 0 0 100 0 0 0 0 100 0 0 0 100 0 0  1
542 (KQJ) 543 5432 H EW KQJ 5432-542-543 3-4-3-3 100 0 0 0 0 0 0 0 0 0 0 0 0 0 0 0 0 0 100 0 0 0 0 100 0 0 0 100 0 0  1
542 (KQJ) 543 5432 H -- KQJ 5432-542-543 3-4-3-3 100 0 0 0 0 0 0 0 0 0 0 0 0 0 0 0 0 0 100 0 0 0 0 100 0 0 0 100 0 0  1
542 (KQJ) 543 5432 H ++ KQJ 5432-542-543 3-4-3-3 100 0 0 0 0 0 0 0 0 0 0 0 0 0 0 0 0 0 100 0 0 0 0 100 0 0 0 100 0 0  1
542 (KQJ) 543 5432 H NS KQJ 5432-542-543 3-4-3-3 100 0 0 0 0 0 0 0 0 0 0 0 0 0 0 0 0 0 100 0 0 0 0 100 0 0 0 100 0 0  1
543 (KQJ) 542 5432 H EW KQJ 5432-542-543 3-4-3-3 100 0 0 0 0 0 0 0 0 0 0 0 0 0 0 0 0 0 100 0 0 0 0 100 0 0 0 100 0 0  1
543 (KQJ) 542 5432 H -- KQJ 5432-542-543 3-4-3-3 100 0 0 0 0 0 0 0 0 0 0 0 0 0 0 0 0 0 100 0 0 0 0 100 0 0 0 100 0 0  1
543 (KQJ) 542 5432 H ++ KQJ 5432-542-543 3-4-3-3 100 0 0 0 0 0 0 0 0 0 0 0 0 0 0 0 0 0 100 0 0 0 0 100 0 0 0 100 0 0  1
543 (KQJ) 542 5432 H NS KQJ 5432-542-543 3-4-3-3 100 0 0 0 0 0 0 0 0 0 0 0 0 0 0 0 0 0 100 0 0 0 0 100 0 0 0 100 0 0  1
5432 542 (KQJ) 543 D EW KQJ 5432-542-543 3-4-3-3 100 0 0 0 0 0 0 0 0 0 0 0 0 0 0 0 0 0 100 0 0 0 0 100 0 0 0 100 0 0  1
5432 542 (KQJ) 543 D -- KQJ 5432-542-543 3-4-3-3 100 0 0 0 0 0 0 0 0 0 0 0 0 0 0 0 0 0 100 0 0 0 0 100 0 0 0 100 0 0  1
5432 542 (KQJ) 543 D ++ KQJ 5432-542-543 3-4-3-3 100 0 0 0 0 0 0 0 0 0 0 0 0 0 0 0 0 0 100 0 0 0 0 100 0 0 0 100 0 0  1
5432 542 (KQJ) 543 D NS KQJ 5432-542-543 3-4-3-3 100 0 0 0 0 0 0 0 0 0 0 0 0 0 0 0 0 0 100 0 0 0 0 100 0 0 0 100 0 0  1
5432 543 (KQJ) 542 D EW KQJ 5432-542-543 3-4-3-3 100 0 0 0 0 0 0 0 0 0 0 0 0 0 0 0 0 0 100 0 0 0 0 100 0 0 0 100 0 0  1
5432 543 (KQJ) 542 D -- KQJ 5432-542-543 3-4-3-3 100 0 0 0 0 0 0 0 0 0 0 0 0 0 0 0 0 0 100 0 0 0 0 100 0 0 0 100 0 0  1
5432 543 (KQJ) 542 D ++ KQJ 5432-542-543 3-4-3-3 100 0 0 0 0 0 0 0 0 0 0 0 0 0 0 0 0 0 100 0 0 0 0 100 0 0 0 100 0 0  1
5432 543 (KQJ) 542 D NS KQJ 5432-542-543 3-4-3-3 100 0 0 0 0 0 0 0 0 0 0 0 0 0 0 0 0 0 100 0 0 0 0 100 0 0 0 100 0 0  1
542 5432 (KQJ) 543 D EW KQJ 5432-542-543 3-4-3-3 100 0 0 0 0 0 0 0 0 0 0 0 0 0 0 0 0 0 100 0 0 0 0 100 0 0 0 100 0 0  1
542 5432 (KQJ) 543 D -- KQJ 5432-542-543 3-4-3-3 100 0 0 0 0 0 0 0 0 0 0 0 0 0 0 0 0 0 100 0 0 0 0 100 0 0 0 100 0 0  1
542 5432 (KQJ) 543 D ++ KQJ 5432-542-543 3-4-3-3 100 0 0 0 0 0 0 0 0 0 0 0 0 0 0 0 0 0 100 0 0 0 0 100 0 0 0 100 0 0  1
542 5432 (KQJ) 543 D NS KQJ 5432-542-543 3-4-3-3 100 0 0 0 0 0 0 0 0 0 0 0 0 0 0 0 0 0 100 0 0 0 0 100 0 0 0 100 0 0  1
543 5432 (KQJ) 542 D EW KQJ 5432-542-543 3-4-3-3 100 0 0 0 0 0 0 0 0 0 0 0 0 0 0 0 0 0 100 0 0 0 0 100 0 0 0 100 0 0  1
543 5432 (KQJ) 542 D -- KQJ 5432-542-543 3-4-3-3 100 0 0 0 0 0 0 0 0 0 0 0 0 0 0 0 0 0 100 0 0 0 0 100 0 0 0 100 0 0  1
543 5432 (KQJ) 542 D ++ KQJ 5432-542-543 3-4-3-3 100 0 0 0 0 0 0 0 0 0 0 0 0 0 0 0 0 0 100 0 0 0 0 100 0 0 0 100 0 0  1
543 5432 (KQJ) 542 D NS KQJ 5432-542-543 3-4-3-3 100 0 0 0 0 0 0 0 0 0 0 0 0 0 0 0 0 0 100 0 0 0 0 100 0 0 0 100 0 0  1
542 543 (KQJ) 5432 D EW KQJ 5432-542-543 3-4-3-3 100 0 0 0 0 0 0 0 0 0 0 0 0 0 0 0 0 0 100 0 0 0 0 100 0 0 0 100 0 0  1
542 543 (KQJ) 5432 D -- KQJ 5432-542-543 3-4-3-3 100 0 0 0 0 0 0 0 0 0 0 0 0 0 0 0 0 0 100 0 0 0 0 100 0 0 0 100 0 0  1
542 543 (KQJ) 5432 D ++ KQJ 5432-542-543 3-4-3-3 100 0 0 0 0 0 0 0 0 0 0 0 0 0 0 0 0 0 100 0 0 0 0 100 0 0 0 100 0 0  1
542 543 (KQJ) 5432 D NS KQJ 5432-542-543 3-4-3-3 100 0 0 0 0 0 0 0 0 0 0 0 0 0 0 0 0 0 100 0 0 0 0 100 0 0 0 100 0 0  1
543 542 (KQJ) 5432 D EW KQJ 5432-542-543 3-4-3-3 100 0 0 0 0 0 0 0 0 0 0 0 0 0 0 0 0 0 100 0 0 0 0 100 0 0 0 100 0 0  1
543 542 (KQJ) 5432 D -- KQJ 5432-542-543 3-4-3-3 100 0 0 0 0 0 0 0 0 0 0 0 0 0 0 0 0 0 100 0 0 0 0 100 0 0 0 100 0 0  1
543 542 (KQJ) 5432 D ++ KQJ 5432-542-543 3-4-3-3 100 0 0 0 0 0 0 0 0 0 0 0 0 0 0 0 0 0 100 0 0 0 0 100 0 0 0 100 0 0  1
543 542 (KQJ) 5432 D NS KQJ 5432-542-543 3-4-3-3 100 0 0 0 0 0 0 0 0 0 0 0 0 0 0 0 0 0 100 0 0 0 0 100 0 0 0 100 0 0  1
5432 542 543 (KQJ) C EW KQJ 5432-542-543 3-4-3-3 100 0 0 0 0 0 0 0 0 0 0 0 0 0 0 0 0 0 100 0 0 0 0 100 0 0 0 100 0 0  1
5432 542 543 (KQJ) C -- KQJ 5432-542-543 3-4-3-3 100 0 0 0 0 0 0 0 0 0 0 0 0 0 0 0 0 0 100 0 0 0 0 100 0 0 0 100 0 0  1
5432 542 543 (KQJ) C ++ KQJ 5432-542-543 3-4-3-3 100 0 0 0 0 0 0 0 0 0 0 0 0 0 0 0 0 0 100 0 0 0 0 100 0 0 0 100 0 0  1
5432 542 543 (KQJ) C NS KQJ 5432-542-543 3-4-3-3 100 0 0 0 0 0 0 0 0 0 0 0 0 0 0 0 0 0 100 0 0 0 0 100 0 0 0 100 0 0  1
5432 543 542 (KQJ) C EW KQJ 5432-542-543 3-4-3-3 100 0 0 0 0 0 0 0 0 0 0 0 0 0 0 0 0 0 100 0 0 0 0 100 0 0 0 100 0 0  1
5432 543 542 (KQJ) C -- KQJ 5432-542-543 3-4-3-3 100 0 0 0 0 0 0 0 0 0 0 0 0 0 0 0 0 0 100 0 0 0 0 100 0 0 0 100 0 0  1
5432 543 542 (KQJ) C ++ KQJ 5432-542-543 3-4-3-3 100 0 0 0 0 0 0 0 0 0 0 0 0 0 0 0 0 0 100 0 0 0 0 100 0 0 0 100 0 0  1
5432 543 542 (KQJ) C NS KQJ 5432-542-543 3-4-3-3 100 0 0 0 0 0 0 0 0 0 0 0 0 0 0 0 0 0 100 0 0 0 0 100 0 0 0 100 0 0  1
542 5432 543 (KQJ) C EW KQJ 5432-542-543 3-4-3-3 100 0 0 0 0 0 0 0 0 0 0 0 0 0 0 0 0 0 100 0 0 0 0 100 0 0 0 100 0 0  1
542 5432 543 (KQJ) C -- KQJ 5432-542-543 3-4-3-3 100 0 0 0 0 0 0 0 0 0 0 0 0 0 0 0 0 0 100 0 0 0 0 100 0 0 0 100 0 0  1
542 5432 543 (KQJ) C ++ KQJ 5432-542-543 3-4-3-3 100 0 0 0 0 0 0 0 0 0 0 0 0 0 0 0 0 0 100 0 0 0 0 100 0 0 0 100 0 0  1
542 5432 543 (KQJ) C NS KQJ 5432-542-543 3-4-3-3 100 0 0 0 0 0 0 0 0 0 0 0 0 0 0 0 0 0 100 0 0 0 0 100 0 0 0 100 0 0  1
543 5432 542 (KQJ) C EW KQJ 5432-542-543 3-4-3-3 100 0 0 0 0 0 0 0 0 0 0 0 0 0 0 0 0 0 100 0 0 0 0 100 0 0 0 100 0 0  1
543 5432 542 (KQJ) C -- KQJ 5432-542-543 3-4-3-3 100 0 0 0 0 0 0 0 0 0 0 0 0 0 0 0 0 0 100 0 0 0 0 100 0 0 0 100 0 0  1
543 5432 542 (KQJ) C ++ KQJ 5432-542-543 3-4-3-3 100 0 0 0 0 0 0 0 0 0 0 0 0 0 0 0 0 0 100 0 0 0 0 100 0 0 0 100 0 0  1
543 5432 542 (KQJ) C NS KQJ 5432-542-543 3-4-3-3 100 0 0 0 0 0 0 0 0 0 0 0 0 0 0 0 0 0 100 0 0 0 0 100 0 0 0 100 0 0  1
542 543 5432 (KQJ) C EW KQJ 5432-542-543 3-4-3-3 100 0 0 0 0 0 0 0 0 0 0 0 0 0 0 0 0 0 100 0 0 0 0 100 0 0 0 100 0 0  1
542 543 5432 (KQJ) C -- KQJ 5432-542-543 3-4-3-3 100 0 0 0 0 0 0 0 0 0 0 0 0 0 0 0 0 0 100 0 0 0 0 100 0 0 0 100 0 0  1
542 543 5432 (KQJ) C ++ KQJ 5432-542-543 3-4-3-3 100 0 0 0 0 0 0 0 0 0 0 0 0 0 0 0 0 0 100 0 0 0 0 100 0 0 0 100 0 0  1
542 543 5432 (KQJ) C NS KQJ 5432-542-543 3-4-3-3 100 0 0 0 0 0 0 0 0 0 0 0 0 0 0 0 0 0 100 0 0 0 0 100 0 0 0 100 0 0  1
543 542 5432 (KQJ) C EW KQJ 5432-542-543 3-4-3-3 100 0 0 0 0 0 0 0 0 0 0 0 0 0 0 0 0 0 100 0 0 0 0 100 0 0 0 100 0 0  1
543 542 5432 (KQJ) C -- KQJ 5432-542-543 3-4-3-3 100 0 0 0 0 0 0 0 0 0 0 0 0 0 0 0 0 0 100 0 0 0 0 100 0 0 0 100 0 0  1
543 542 5432 (KQJ) C ++ KQJ 5432-542-543 3-4-3-3 100 0 0 0 0 0 0 0 0 0 0 0 0 0 0 0 0 0 100 0 0 0 0 100 0 0 0 100 0 0  1
543 542 5432 (KQJ) C NS KQJ 5432-542-543 3-4-3-3 100 0 0 0 0 0 0 0 0 0 0 0 0 0 0 0 0 0 100 0 0 0 0 100 0 0 0 100 0 0  1
generateHands "AK7542 QT97 53 7"
S H D C Bid Vul Combo OtherCombo HandPattern NO -6 -5 -4 -3 -2 -1 0 1 2 3 4 5 6 7 avg ParPos ParNeg noPar b000 b001 b010 b011 b100 b101 b110 b111 b1xx bx1x bxx1  Cnt
(KQJ) 5432 542 543 S EW KQJ 5432-542-543 3-4-3-3 100 0 0 0 0 0 0 0 0 0 0 0 0 0 0 0 0 0 100 0 0 0 0 100 0 0 0 100 0 0  1
(KQJ) 5432 542 543 S -- KQJ 5432-542-543 3-4-3-3 100 0 0 0 0 0 0 0 0 0 0 0 0 0 0 0 0 0 100 0 0 0 0 100 0 0 0 100 0 0  1
(KQJ) 5432 542 543 S ++ KQJ 5432-542-543 3-4-3-3 100 0 0 0 0 0 0 0 0 0 0 0 0 0 0 0 0 0 100 0 0 0 0 100 0 0 0 100 0 0  1
(KQJ) 5432 542 543 S NS KQJ 5432-542-543 3-4-3-3 100 0 0 0 0 0 0 0 0 0 0 0 0 0 0 0 0 0 100 0 0 0 0 100 0 0 0 100 0 0  1
(KQJ) 5432 543 542 S EW KQJ 5432-542-543 3-4-3-3 100 0 0 0 0 0 0 0 0 0 0 0 0 0 0 0 0 0 100 0 0 0 0 100 0 0 0 100 0 0  1
(KQJ) 5432 543 542 S -- KQJ 5432-542-543 3-4-3-3 100 0 0 0 0 0 0 0 0 0 0 0 0 0 0 0 0 0 100 0 0 0 0 100 0 0 0 100 0 0  1
(KQJ) 5432 543 542 S ++ KQJ 5432-542-543 3-4-3-3 100 0 0 0 0 0 0 0 0 0 0 0 0 0 0 0 0 0 100 0 0 0 0 100 0 0 0 100 0 0  1
(KQJ) 5432 543 542 S NS KQJ 5432-542-543 3-4-3-3 100 0 0 0 0 0 0 0 0 0 0 0 0 0 0 0 0 0 100 0 0 0 0 100 0 0 0 100 0 0  1
(KQJ) 542 5432 543 S EW KQJ 5432-542-543 3-4-3-3 100 0 0 0 0 0 0 0 0 0 0 0 0 0 0 0 0 0 100 0 0 0 0 100 0 0 0 100 0 0  1
(KQJ) 542 5432 543 S -- KQJ 5432-542-543 3-4-3-3 100 0 0 0 0 0 0 0 0 0 0 0 0 0 0 0 0 0 100 0 0 0 0 100 0 0 0 100 0 0  1
(KQJ) 542 5432 543 S ++ KQJ 5432-542-543 3-4-3-3 100 0 0 0 0 0 0 0 0 0 0 0 0 0 0 0 0 0 100 0 0 0 0 100 0 0 0 100 0 0  1
(KQJ) 542 5432 543 S NS KQJ 5432-542-543 3-4-3-3 100 0 0 0 0 0 0 0 0 0 0 0 0 0 0 0 0 0 100 0 0 0 0 100 0 0 0 100 0 0  1
(KQJ) 543 5432 542 S EW KQJ 5432-542-543 3-4-3-3 100 0 0 0 0 0 0 0 0 0 0 0 0 0 0 0 0 0 100 0 0 0 0 100 0 0 0 100 0 0  1
(KQJ) 543 5432 542 S -- KQJ 5432-542-543 3-4-3-3 100 0 0 0 0 0 0 0 0 0 0 0 0 0 0 0 0 0 100 0 0 0 0 100 0 0 0 100 0 0  1
(KQJ) 543 5432 542 S ++ KQJ 5432-542-543 3-4-3-3 100 0 0 0 0 0 0 0 0 0 0 0 0 0 0 0 0 0 100 0 0 0 0 100 0 0 0 100 0 0  1
(KQJ) 543 5432 542 S NS KQJ 5432-542-543 3-4-3-3 100 0 0 0 0 0 0 0 0 0 0 0 0 0 0 0 0 0 100 0 0 0 0 100 0 0 0 100 0 0  1
(KQJ) 542 543 5432 S EW KQJ 5432-542-543 3-4-3-3 100 0 0 0 0 0 0 0 0 0 0 0 0 0 0 0 0 0 100 0 0 0 0 100 0 0 0 100 0 0  1
(KQJ) 542 543 5432 S -- KQJ 5432-542-543 3-4-3-3 100 0 0 0 0 0 0 0 0 0 0 0 0 0 0 0 0 0 100 0 0 0 0 100 0 0 0 100 0 0  1
(KQJ) 542 543 5432 S ++ KQJ 5432-542-543 3-4-3-3 100 0 0 0 0 0 0 0 0 0 0 0 0 0 0 0 0 0 100 0 0 0 0 100 0 0 0 100 0 0  1
(KQJ) 542 543 5432 S NS KQJ 5432-542-543 3-4-3-3 100 0 0 0 0 0 0 0 0 0 0 0 0 0 0 0 0 0 100 0 0 0 0 100 0 0 0 100 0 0  1
(KQJ) 543 542 5432 S EW KQJ 5432-542-543 3-4-3-3 100 0 0 0 0 0 0 0 0 0 0 0 0 0 0 0 0 0 100 0 0 0 0 100 0 0 0 100 0 0  1
(KQJ) 543 542 5432 S -- KQJ 5432-542-543 3-4-3-3 100 0 0 0 0 0 0 0 0 0 0 0 0 0 0 0 0 0 100 0 0 0 0 100 0 0 0 100 0 0  1
(KQJ) 543 542 5432 S ++ KQJ 5432-542-543 3-4-3-3 100 0 0 0 0 0 0 0 0 0 0 0 0 0 0 0 0 0 100 0 0 0 0 100 0 0 0 100 0 0  1
(KQJ) 543 542 5432 S NS KQJ 5432-542-543 3-4-3-3 100 0 0 0 0 0 0 0 0 0 0 0 0 0 0 0 0 0 100 0 0 0 0 100 0 0 0 100 0 0  1
5432 (KQJ) 542 543 H EW KQJ 5432-542-543 3-4-3-3 100 0 0 0 0 0 0 0 0 0 0 0 0 0 0 0 0 0 100 0 0 0 0 100 0 0 0 100 0 0  1
5432 (KQJ) 542 543 H -- KQJ 5432-542-543 3-4-3-3 100 0 0 0 0 0 0 0 0 0 0 0 0 0 0 0 0 0 100 0 0 0 0 100 0 0 0 100 0 0  1
5432 (KQJ) 542 543 H ++ KQJ 5432-542-543 3-4-3-3 100 0 0 0 0 0 0 0 0 0 0 0 0 0 0 0 0 0 100 0 0 0 0 100 0 0 0 100 0 0  1
5432 (KQJ) 542 543 H NS KQJ 5432-542-543 3-4-3-3 100 0 0 0 0 0 0 0 0 0 0 0 0 0 0 0 0 0 100 0 0 0 0 100 0 0 0 100 0 0  1
5432 (KQJ) 543 542 H EW KQJ 5432-542-543 3-4-3-3 100 0 0 0 0 0 0 0 0 0 0 0 0 0 0 0 0 0 100 0 0 0 0 100 0 0 0 100 0 0  1
5432 (KQJ) 543 542 H -- KQJ 5432-542-543 3-4-3-3 100 0 0 0 0 0 0 0 0 0 0 0 0 0 0 0 0 0 100 0 0 0 0 100 0 0 0 100 0 0  1
5432 (KQJ) 543 542 H ++ KQJ 5432-542-543 3-4-3-3 100 0 0 0 0 0 0 0 0 0 0 0 0 0 0 0 0 0 100 0 0 0 0 100 0 0 0 100 0 0  1
5432 (KQJ) 543 542 H NS KQJ 5432-542-543 3-4-3-3 100 0 0 0 0 0 0 0 0 0 0 0 0 0 0 0 0 0 100 0 0 0 0 100 0 0 0 100 0 0  1
542 (KQJ) 5432 543 H EW KQJ 5432-542-543 3-4-3-3 100 0 0 0 0 0 0 0 0 0 0 0 0 0 0 0 0 0 100 0 0 0 0 100 0 0 0 100 0 0  1
542 (KQJ) 5432 543 H -- KQJ 5432-542-543 3-4-3-3 100 0 0 0 0 0 0 0 0 0 0 0 0 0 0 0 0 0 100 0 0 0 0 100 0 0 0 100 0 0  1
542 (KQJ) 5432 543 H ++ KQJ 5432-542-543 3-4-3-3 100 0 0 0 0 0 0 0 0 0 0 0 0 0 0 0 0 0 100 0 0 0 0 100 0 0 0 100 0 0  1
542 (KQJ) 5432 543 H NS KQJ 5432-542-543 3-4-3-3 100 0 0 0 0 0 0 0 0 0 0 0 0 0 0 0 0 0 100 0 0 0 0 100 0 0 0 100 0 0  1
543 (KQJ) 5432 542 H EW KQJ 5432-542-543 3-4-3-3 100 0 0 0 0 0 0 0 0 0 0 0 0 0 0 0 0 0 100 0 0 0 0 100 0 0 0 100 0 0  1
543 (KQJ) 5432 542 H -- KQ