S H D C Bid Vul Combo OtherCombo HandPattern NO -6 -5 -4 -3 -2 -1 0 1 2 3 4 5 6 7 avg ParPos ParNeg noPar b000 b001 b010 b011 b100 b101 b110 b111 b1xx bx1x bxx1  Cnt
(AQ9865) AKJT5 J J S EW AQ9865 AKJT5-J-J 6-5-1-1 0 0 0 0 0 0 0 0 0 0 0 0 200 0 0 5 200 0 0 0 0 0 0 0 200 0 0 200 0 200  2
(AQ9865) AKJT5 J J S -- AQ9865 AKJT5-J-J 6-5-1-1 0 0 0 0 0 0 0 0 0 0 0 0 200 0 0 5 200 0 0 0 0 0 0 0 200 0 0 200 0 200  2
(AQ9865) AKJT5 J J S ++ AQ9865 AKJT5-J-J 6-5-1-1 0 0 0 0 0 0 0 0 0 0 0 0 200 0 0 5 200 0 0 0 0 0 0 0 200 0 0 200 0 200  2
(AQ9865) AKJT5 J J S NS AQ9865 AKJT5-J-J 6-5-1-1 0 0 0 0 0 0 0 0 0 0 0 0 200 0 0 5 200 0 0 0 0 0 0 0 200 0 0 200 0 200  2
(AQ9865) AKJT5 J J S EW AQ9865 AKJT5-J-J 6-5-1-1 0 0 0 0 0 0 0 0 0 0 0 0 200 0 0 5 200 0 0 0 0 0 0 0 200 0 0 200 0 200  2
(AQ9865) AKJT5 J J S -- AQ9865 AKJT5-J-J 6-5-1-1 0 0 0 0 0 0 0 0 0 0 0 0 200 0 0 5 200 0 0 0 0 0 0 0 200 0 0 200 0 200  2
(AQ9865) AKJT5 J J S ++ AQ9865 AKJT5-J-J 6-5-1-1 0 0 0 0 0 0 0 0 0 0 0 0 200 0 0 5 200 0 0 0 0 0 0 0 200 0 0 200 0 200  2
(AQ9865) AKJT5 J J S NS AQ9865 AKJT5-J-J 6-5-1-1 0 0 0 0 0 0 0 0 0 0 0 0 200 0 0 5 200 0 0 0 0 0 0 0 200 0 0 200 0 200  2
(AQ9865) J AKJT5 J S EW AQ9865 AKJT5-J-J 6-5-1-1 0 0 0 0 0 0 0 0 0 0 0 0 200 0 0 5 200 0 0 0 0 0 0 0 200 0 0 200 0 200  2
(AQ9865) J AKJT5 J S -- AQ9865 AKJT5-J-J 6-5-1-1 0 0 0 0 0 0 0 0 0 0 0 0 200 0 0 5 200 0 0 0 0 0 0 0 200 0 0 200 0 200  2
(AQ9865) J AKJT5 J S ++ AQ9865 AKJT5-J-J 6-5-1-1 0 0 0 0 0 0 0 0 0 0 0 0 200 0 0 5 200 0 0 0 0 0 0 0 200 0 0 200 0 200  2
(AQ9865) J AKJT5 J S NS AQ9865 AKJT5-J-J 6-5-1-1 0 0 0 0 0 0 0 0 0 0 0 0 200 0 0 5 200 0 0 0 0 0 0 0 200 0 0 200 0 200  2
(AQ9865) J AKJT5 J S EW AQ9865 AKJT5-J-J 6-5-1-1 0 0 0 0 0 0 0 0 0 0 0 0 200 0 0 5 200 0 0 0 0 0 0 0 200 0 0 200 0 200  2
(AQ9865) J AKJT5 J S -- AQ9865 AKJT5-J-J 6-5-1-1 0 0 0 0 0 0 0 0 0 0 0 0 200 0 0 5 200 0 0 0 0 0 0 0 200 0 0 200 0 200  2
(AQ9865) J AKJT5 J S ++ AQ9865 AKJT5-J-J 6-5-1-1 0 0 0 0 0 0 0 0 0 0 0 0 200 0 0 5 200 0 0 0 0 0 0 0 200 0 0 200 0 200  2
(AQ9865) J AKJT5 J S NS AQ9865 AKJT5-J-J 6-5-1-1 0 0 0 0 0 0 0 0 0 0 0 0 200 0 0 5 200 0 0 0 0 0 0 0 200 0 0 200 0 200  2
(AQ9865) J J AKJT5 S EW AQ9865 AKJT5-J-J 6-5-1-1 0 0 0 0 0 0 0 0 0 0 0 0 200 0 0 5 200 0 0 0 0 0 0 0 200 0 0 200 0 200  2
(AQ9865) J J AKJT5 S -- AQ9865 AKJT5-J-J 6-5-1-1 0 0 0 0 0 0 0 0 0 0 0 0 200 0 0 5 200 0 0 0 0 0 0 0 200 0 0 200 0 200  2
(AQ9865) J J AKJT5 S ++ AQ9865 AKJT5-J-J 6-5-1-1 0 0 0 0 0 0 0 0 0 0 0 0 200 0 0 5 200 0 0 0 0 0 0 0 200 0 0 200 0 200  2
(AQ9865) J J AKJT5 S NS AQ9865 AKJT5-J-J 6-5-1-1 0 0 0 0 0 0 0 0 0 0 0 0 200 0 0 5 200 0 0 0 0 0 0 0 200 0 0 200 0 200  2
(AQ9865) J J AKJT5 S EW AQ9865 AKJT5-J-J 6-5-1-1 0 0 0 0 0 0 0 0 0 0 0 0 200 0 0 5 200 0 0 0 0 0 0 0 200 0 0 200 0 200  2
(AQ9865) J J AKJT5 S -- AQ9865 AKJT5-J-J 6-5-1-1 0 0 0 0 0 0 0 0 0 0 0 0 200 0 0 5 200 0 0 0 0 0 0 0 200 0 0 200 0 200  2
(AQ9865) J J AKJT5 S ++ AQ9865 AKJT5-J-J 6-5-1-1 0 0 0 0 0 0 0 0 0 0 0 0 200 0 0 5 200 0 0 0 0 0 0 0 200 0 0 200 0 200  2
(AQ9865) J J AKJT5 S NS AQ9865 AKJT5-J-J 6-5-1-1 0 0 0 0 0 0 0 0 0 0 0 0 200 0 0 5 200 0 0 0 0 0 0 0 200 0 0 200 0 200  2
AKJT5 (AQ9865) J J H EW AQ9865 AKJT5-J-J 6-5-1-1 0 0 0 0 0 0 0 0 0 0 0 0 200 0 0 5 200 0 0 0 0 0 0 0 200 0 0 200 0 200  2
AKJT5 (AQ9865) J J H -- AQ9865 AKJT5-J-J 6-5-1-1 0 0 0 0 0 0 0 0 0 0 0 0 200 0 0 5 200 0 0 0 0 0 0 0 200 0 0 200 0 200  2
AKJT5 (AQ9865) J J H ++ AQ9865 AKJT5-J-J 6-5-1-1 0 0 0 0 0 0 0 0 0 0 0 0 200 0 0 5 200 0 0 0 0 0 0 0 200 0 0 200 0 200  2
AKJT5 (AQ9865) J J H NS AQ9865 AKJT5-J-J 6-5-1-1 0 0 0 0 0 0 0 0 0 0 0 0 200 0 0 5 200 0 0 0 0 0 0 0 200 0 0 200 0 200  2
AKJT5 (AQ9865) J J H EW AQ9865 AKJT5-J-J 6-5-1-1 0 0 0 0 0 0 0 0 0 0 0 0 200 0 0 5 200 0 0 0 0 0 0 0 200 0 0 200 0 200  2
AKJT5 (AQ9865) J J H -- AQ9865 AKJT5-J-J 6-5-1-1 0 0 0 0 0 0 0 0 0 0 0 0 200 0 0 5 200 0 0 0 0 0 0 0 200 0 0 200 0 200  2
AKJT5 (AQ9865) J J H ++ AQ9865 AKJT5-J-J 6-5-1-1 0 0 0 0 0 0 0 0 0 0 0 0 200 0 0 5 200 0 0 0 0 0 0 0 200 0 0 200 0 200  2
AKJT5 (AQ9865) J J H NS AQ9865 AKJT5-J-J 6-5-1-1 0 0 0 0 0 0 0 0 0 0 0 0 200 0 0 5 200 0 0 0 0 0 0 0 200 0 0 200 0 200  2
J (AQ9865) AKJT5 J H EW AQ9865 AKJT5-J-J 6-5-1-1 0 0 0 0 0 0 0 0 0 0 0 0 200 0 0 5 200 0 0 0 0 0 0 0 200 0 0 200 0 200  2
J (AQ9865) AKJT5 J H -- AQ9865 AKJT5-J-J 6-5-1-1 0 0 0 0 0 0 0 0 0 0 0 0 200 0 0 5 200 0 0 0 0 0 0 0 200 0 0 200 0 200  2
J (AQ9865) AKJT5 J H ++ AQ9865 AKJT5-J-J 6-5-1-1 0 0 0 0 0 0 0 0 0 0 0 0 200 0 0 5 200 0 0 0 0 0 0 0 200 0 0 200 0 200  2
J (AQ9865) AKJT5 J H NS AQ9865 AKJT5-J-J 6-5-1-1 0 0 0 0 0 0 0 0 0 0 0 0 200 0 0 5 150 0 50 0 0 0 50 0 150 0 0 150 50 200  2
J (AQ9865) AKJT5 J H EW AQ9865 AKJT5-J-J 6-5-1-1 0 0 0 0 0 0 0 0 0 0 0 0 200 0 0 5 200 0 0 0 0 0 0 0 200 0 0 200 0 200  2
J (AQ9865) AKJT5 J H -- AQ9865 AKJT5-J-J 6-5-1-1 0 0 0 0 0 0 0 0 0 0 0 0 200 0 0 5 200 0 0 0 0 0 0 0 200 0 0 200 0 200  2
J (AQ9865) AKJT5 J H ++ AQ9865 AKJT5-J-J 6-5-1-1 0 0 0 0 0 0 0 0 0 0 0 0 200 0 0 5 200 0 0 0 0 0 0 0 200 0 0 200 0 200  2
J (AQ9865) AKJT5 J H NS AQ9865 AKJT5-J-J 6-5-1-1 0 0 0 0 0 0 0 0 0 0 0 0 200 0 0 5 150 0 50 0 0 0 50 0 150 0 0 150 50 200  2
J (AQ9865) J AKJT5 H EW AQ9865 AKJT5-J-J 6-5-1-1 0 0 0 0 0 0 0 0 0 0 0 0 200 0 0 5 200 0 0 0 0 0 0 0 200 0 0 200 0 200  2
J (AQ9865) J AKJT5 H -- AQ9865 AKJT5-J-J 6-5-1-1 0 0 0 0 0 0 0 0 0 0 0 0 200 0 0 5 200 0 0 0 0 0 0 0 200 0 0 200 0 200  2
J (AQ9865) J AKJT5 H ++ AQ9865 AKJT5-J-J 6-5-1-1 0 0 0 0 0 0 0 0 0 0 0 0 200 0 0 5 200 0 0 0 0 0 0 0 200 0 0 200 0 200  2
J (AQ9865) J AKJT5 H NS AQ9865 AKJT5-J-J 6-5-1-1 0 0 0 0 0 0 0 0 0 0 0 0 200 0 0 5 150 0 50 0 0 0 50 0 150 0 0 150 50 200  2
J (AQ9865) J AKJT5 H EW AQ9865 AKJT5-J-J 6-5-1-1 0 0 0 0 0 0 0 0 0 0 0 0 200 0 0 5 200 0 0 0 0 0 0 0 200 0 0 200 0 200  2
J (AQ9865) J AKJT5 H -- AQ9865 AKJT5-J-J 6-5-1-1 0 0 0 0 0 0 0 0 0 0 0 0 200 0 0 5 200 0 0 0 0 0 0 0 200 0 0 200 0 200  2
J (AQ9865) J AKJT5 H ++ AQ9865 AKJT5-J-J 6-5-1-1 0 0 0 0 0 0 0 0 0 0 0 0 200 0 0 5 200 0 0 0 0 0 0 0 200 0 0 200 0 200  2
J (AQ9865) J AKJT5 H NS AQ9865 AKJT5-J-J 6-5-1-1 0 0 0 0 0 0 0 0 0 0 0 0 200 0 0 5 150 0 50 0 0 0 50 0 150 0 0 150 50 200  2
AKJT5 J (AQ9865) J D EW AQ9865 AKJT5-J-J 6-5-1-1 200 0 0 0 0 0 0 0 0 0 0 0 0 0 0 0 0 0 200 0 0 0 0 200 0 0 0 200 0 0  2
AKJT5 J (AQ9865) J D -- AQ9865 AKJT5-J-J 6-5-1-1 200 0 0 0 0 0 0 0 0 0 0 0 0 0 0 0 0 0 200 0 0 0 0 200 0 0 0 200 0 0  2
AKJT5 J (AQ9865) J D ++ AQ9865 AKJT5-J-J 6-5-1-1 200 0 0 0 0 0 0 0 0 0 0 0 0 0 0 0 0 0 200 0 0 0 0 200 0 0 0 200 0 0  2
AKJT5 J (AQ9865) J D NS AQ9865 AKJT5-J-J 6-5-1-1 200 0 0 0 0 0 0 0 0 0 0 0 0 0 0 0 0 0 200 0 0 0 0 200 0 0 0 200 0 0  2
AKJT5 J (AQ9865) J D EW AQ9865 AKJT5-J-J 6-5-1-1 200 0 0 0 0 0 0 0 0 0 0 0 0 0 0 0 0 0 200 0 0 0 0 200 0 0 0 200 0 0  2
AKJT5 J (AQ9865) J D -- AQ9865 AKJT5-J-J 6-5-1-1 200 0 0 0 0 0 0 0 0 0 0 0 0 0 0 0 0 0 200 0 0 0 0 200 0 0 0 200 0 0  2
AKJT5 J (AQ9865) J D ++ AQ9865 AKJT5-J-J 6-5-1-1 200 0 0 0 0 0 0 0 0 0 0 0 0 0 0 0 0 0 200 0 0 0 0 200 0 0 0 200 0 0  2
AKJT5 J (AQ9865) J D NS AQ9865 AKJT5-J-J 6-5-1-1 200 0 0 0 0 0 0 0 0 0 0 0 0 0 0 0 0 0 200 0 0 0 0 200 0 0 0 200 0 0  2
J AKJT5 (AQ9865) J D EW AQ9865 AKJT5-J-J 6-5-1-1 200 0 0 0 0 0 0 0 0 0 0 0 0 0 0 0 0 0 200 0 0 0 0 200 0 0 0 200 0 0  2
J AKJT5 (AQ9865) J D -- AQ9865 AKJT5-J-J 6-5-1-1 200 0 0 0 0 0 0 0 0 0 0 0 0 0 0 0 0 0 200 0 0 0 0 200 0 0 0 200 0 0  2
J AKJT5 (AQ9865) J D ++ AQ9865 AKJT5-J-J 6-5-1-1 200 0 0 0 0 0 0 0 0 0 0 0 0 0 0 0 0 0 200 0 0 0 0 200 0 0 0 200 0 0  2
J AKJT5 (AQ9865) J D NS AQ9865 AKJT5-J-J 6-5-1-1 100 0 0 0 0 0 0 0 0 0 0 0 100 0 0 5 50 0 150 0 0 0 50 100 50 0 0 150 50 100  2
J AKJT5 (AQ9865) J D EW AQ9865 AKJT5-J-J 6-5-1-1 200 0 0 0 0 0 0 0 0 0 0 0 0 0 0 0 0 0 200 0 0 0 0 200 0 0 0 200 0 0  2
J AKJT5 (AQ9865) J D -- AQ9865 AKJT5-J-J 6-5-1-1 200 0 0 0 0 0 0 0 0 0 0 0 0 0 0 0 0 0 200 0 0 0 0 200 0 0 0 200 0 0  2
J AKJT5 (AQ9865) J D ++ AQ9865 AKJT5-J-J 6-5-1-1 200 0 0 0 0 0 0 0 0 0 0 0 0 0 0 0 0 0 200 0 0 0 0 200 0 0 0 200 0 0  2
J AKJT5 (AQ9865) J D NS AQ9865 AKJT5-J-J 6-5-1-1 100 0 0 0 0 0 0 0 0 0 0 0 100 0 0 5 50 0 150 0 0 0 50 100 50 0 0 150 50 100  2
J J (AQ9865) AKJT5 D EW AQ9865 AKJT5-J-J 6-5-1-1 0 0 0 0 0 0 0 0 0 0 0 0 200 0 0 5 200 0 0 0 0 0 0 0 200 0 0 200 0 200  2
J J (AQ9865) AKJT5 D -- AQ9865 AKJT5-J-J 6-5-1-1 0 0 0 0 0 0 0 0 0 0 0 0 200 0 0 5 200 0 0 0 0 0 0 0 200 0 0 200 0 200  2
J J (AQ9865) AKJT5 D ++ AQ9865 AKJT5-J-J 6-5-1-1 0 0 0 0 0 0 0 0 0 0 0 0 200 0 0 5 200 0 0 0 0 0 0 0 200 0 0 200 0 200  2
J J (AQ9865) AKJT5 D NS AQ9865 AKJT5-J-J 6-5-1-1 0 0 0 0 0 0 0 0 0 0 0 0 200 0 0 5 100 0 100 0 0 0 100 0 100 0 0 100 100 200  2
J J (AQ9865) AKJT5 D EW AQ9865 AKJT5-J-J 6-5-1-1 0 0 0 0 0 0 0 0 0 0 0 0 200 0 0 5 200 0 0 0 0 0 0 0 200 0 0 200 0 200  2
J J (AQ9865) AKJT5 D -- AQ9865 AKJT5-J-J 6-5-1-1 0 0 0 0 0 0 0 0 0 0 0 0 200 0 0 5 200 0 0 0 0 0 0 0 200 0 0 200 0 200  2
J J (AQ9865) AKJT5 D ++ AQ9865 AKJT5-J-J 6-5-1-1 0 0 0 0 0 0 0 0 0 0 0 0 200 0 0 5 200 0 0 0 0 0 0 0 200 0 0 200 0 200  2
J J (AQ9865) AKJT5 D NS AQ9865 AKJT5-J-J 6-5-1-1 0 0 0 0 0 0 0 0 0 0 0 0 200 0 0 5 100 0 100 0 0 0 100 0 100 0 0 100 100 200  2
AKJT5 J J (AQ9865) C EW AQ9865 AKJT5-J-J 6-5-1-1 200 0 0 0 0 0 0 0 0 0 0 0 0 0 0 0 0 0 200 0 0 0 0 200 0 0 0 200 0 0  2
AKJT5 J J (AQ9865) C -- AQ9865 AKJT5-J-J 6-5-1-1 200 0 0 0 0 0 0 0 0 0 0 0 0 0 0 0 0 0 200 0 0 0 0 200 0 0 0 200 0 0  2
AKJT5 J J (AQ9865) C ++ AQ9865 AKJT5-J-J 6-5-1-1 200 0 0 0 0 0 0 0 0 0 0 0 0 0 0 0 0 0 200 0 0 0 0 200 0 0 0 200 0 0  2
AKJT5 J J (AQ9865) C NS AQ9865 AKJT5-J-J 6-5-1-1 200 0 0 0 0 0 0 0 0 0 0 0 0 0 0 0 0 0 200 0 0 0 0 200 0 0 0 200 0 0  2
AKJT5 J J (AQ9865) C EW AQ9865 AKJT5-J-J 6-5-1-1 200 0 0 0 0 0 0 0 0 0 0 0 0 0 0 0 0 0 200 0 0 0 0 200 0 0 0 200 0 0  2
AKJT5 J J (AQ9865) C -- AQ9865 AKJT5-J-J 6-5-1-1 200 0 0 0 0 0 0 0 0 0 0 0 0 0 0 0 0 0 200 0 0 0 0 200 0 0 0 200 0 0  2
AKJT5 J J (AQ9865) C ++ AQ9865 AKJT5-J-J 6-5-1-1 200 0 0 0 0 0 0 0 0 0 0 0 0 0 0 0 0 0 200 0 0 0 0 200 0 0 0 200 0 0  2
AKJT5 J J (AQ9865) C NS AQ9865 AKJT5-J-J 6-5-1-1 200 0 0 0 0 0 0 0 0 0 0 0 0 0 0 0 0 0 200 0 0 0 0 200 0 0 0 200 0 0  2
J AKJT5 J (AQ9865) C EW AQ9865 AKJT5-J-J 6-5-1-1 200 0 0 0 0 0 0 0 0 0 0 0 0 0 0 0 0 0 200 0 0 0 0 200 0 0 0 200 0 0  2
J AKJT5 J (AQ9865) C -- AQ9865 AKJT5-J-J 6-5-1-1 200 0 0 0 0 0 0 0 0 0 0 0 0 0 0 0 0 0 200 0 0 0 0 200 0 0 0 200 0 0  2
J AKJT5 J (AQ9865) C ++ AQ9865 AKJT5-J-J 6-5-1-1 200 0 0 0 0 0 0 0 0 0 0 0 0 0 0 0 0 0 200 0 0 0 0 200 0 0 0 200 0 0  2
J AKJT5 J (AQ9865) C NS AQ9865 AKJT5-J-J 6-5-1-1 100 0 0 0 0 0 0 0 0 0 0 0 100 0 0 5 50 0 150 0 0 0 50 100 50 0 0 150 50 100  2
J AKJT5 J (AQ9865) C EW AQ9865 AKJT5-J-J 6-5-1-1 200 0 0 0 0 0 0 0 0 0 0 0 0 0 0 0 0 0 200 0 0 0 0 200 0 0 0 200 0 0  2
J AKJT5 J (AQ9865) C -- AQ9865 AKJT5-J-J 6-5-1-1 200 0 0 0 0 0 0 0 0 0 0 0 0 0 0 0 0 0 200 0 0 0 0 200 0 0 0 200 0 0  2
J AKJT5 J (AQ9865) C ++ AQ9865 AKJT5-J-J 6-5-1-1 200 0 0 0 0 0 0 0 0 0 0 0 0 0 0 0 0 0 200 0 0 0 0 200 0 0 0 200 0 0  2
J AKJT5 J (AQ9865) C NS AQ9865 AKJT5-J-J 6-5-1-1 100 0 0 0 0 0 0 0 0 0 0 0 100 0 0 5 50 0 150 0 0 0 50 100 50 0 0 150 50 100  2
J J AKJT5 (AQ9865) C EW AQ9865 AKJT5-J-J 6-5-1-1 0 0 0 0 0 0 0 0 0 0 0 0 200 0 0 5 200 0 0 0 0 0 0 0 200 0 0 200 0 200  2
J J AKJT5 (AQ9865) C -- AQ9865 AKJT5-J-J 6-5-1-1 0 0 0 0 0 0 0 0 0 0 0 0 200 0 0 5 200 0 0 0 0 0 0 0 200 0 0 200 0 200  2
J J AKJT5 (AQ9865) C ++ AQ9865 AKJT5-J-J 6-5-1-1 0 0 0 0 0 0 0 0 0 0 0 0 200 0 0 5 200 0 0 0 0 0 0 0 200 0 0 200 0 200  2
J J AKJT5 (AQ9865) C NS AQ9865 AKJT5-J-J 6-5-1-1 0 0 0 0 0 0 0 0 0 0 0 0 200 0 0 5 100 0 100 0 0 0 100 0 100 0 0 100 100 200  2
J J AKJT5 (AQ9865) C EW AQ9865 AKJT5-J-J 6-5-1-1 0 0 0 0 0 0 0 0 0 0 0 0 200 0 0 5 200 0 0 0 0 0 0 0 200 0 0 200 0 200  2
J J AKJT5 (AQ9865) C -- AQ9865 AKJT5-J-J 6-5-1-1 0 0 0 0 0 0 0 0 0 0 0 0 200 0 0 5 200 0 0 0 0 0 0 0 200 0 0 200 0 200  2
J J AKJT5 (AQ9865) C ++ AQ9865 AKJT5-J-J 6-5-1-1 0 0 0 0 0 0 0 0 0 0 0 0 200 0 0 5 200 0 0 0 0 0 0 0 200 0 0 200 0 200  2
J J AKJT5 (AQ9865) C NS AQ9865 AKJT5-J-J 6-5-1-1 0 0 0 0 0 0 0 0 0 0 0 0 200 0 0 5 100 0 100 0 0 0 100 0 100 0 0 100 100 200  2
(AQ9865) 98762 7 2 S EW AQ9865 98762-7-2 6-5-1-1 0 0 0 0 0 0 0 0 0 0 50 0 0 50 0 4.5 0 100 0 0 0 0 0 0 0 0 100 100 100 100  2
(AQ9865) 98762 7 2 S -- AQ9865 98762-7-2 6-5-1-1 0 0 0 0 0 0 0 0 0 0 50 0 0 50 0 4.5 0 100 0 0 0 0 0 0 0 0 100 100 100 100  2
(AQ9865) 98762 7 2 S ++ AQ9865 98762-7-2 6-5-1-1 0 0 0 0 0 0 0 0 0 50 0 0 0 50 0 4 0 50 50 0 50 0 0 0 0 0 50 50 50 100  2
(AQ9865) 98762 7 2 S NS AQ9865 98762-7-2 6-5-1-1 0 0 0 0 0 0 0 0 0 50 0 0 50 0 0 3.5 0 0 100 0 100 0 0 0 0 0 0 0 0 100  2
(AQ9865) 98762 2 7 S EW AQ9865 98762-7-2 6-5-1-1 0 0 0 0 0 0 0 0 0 0 50 0 0 50 0 4.5 0 100 0 0 0 0 0 0 0 0 100 100 100 100  2
(AQ9865) 98762 2 7 S -- AQ9865 98762-7-2 6-5-1-1 0 0 0 0 0 0 0 0 0 0 50 0 0 50 0 4.5 0 100 0 0 0 0 0 0 0 0 100 100 100 100  2
(AQ9865) 98762 2 7 S ++ AQ9865 98762-7-2 6-5-1-1 0 0 0 0 0 0 0 0 0 50 0 0 0 50 0 4 0 50 50 0 50 0 0 0 0 0 50 50 50 100  2
(AQ9865) 98762 2 7 S NS AQ9865 98762-7-2 6-5-1-1 0 0 0 0 0 0 0 0 0 50 0 0 50 0 0 3.5 0 0 100 0 100 0 0 0 0 0 0 0 0 100  2
(AQ9865) 7 98762 2 S EW AQ9865 98762-7-2 6-5-1-1 0 0 0 0 0 0 0 0 0 0 50 0 0 50 0 4.5 0 100 0 0 0 0 0 0 0 0 100 100 100 100  2
(AQ9865) 7 98762 2 S -- AQ9865 98762-7-2 6-5-1-1 0 0 0 0 0 0 0 0 0 0 50 0 0 50 0 4.5 0 100 0 0 0 0 0 0 0 0 100 100 100 100  2
(AQ9865) 7 98762 2 S ++ AQ9865 98762-7-2 6-5-1-1 0 0 0 0 0 0 0 0 0 50 0 0 0 50 0 4 0 50 50 0 50 0 0 0 0 0 50 50 50 100  2
(AQ9865) 7 98762 2 S NS AQ9865 98762-7-2 6-5-1-1 0 0 0 0 0 0 0 0 0 50 0 0 50 0 0 3.5 0 0 100 0 100 0 0 0 0 0 0 0 0 100  2
(AQ9865) 2 98762 7 S EW AQ9865 98762-7-2 6-5-1-1 0 0 0 0 0 0 0 0 0 0 50 0 0 50 0 4.5 0 100 0 0 0 0 0 0 0 0 100 100 100 100  2
(AQ9865) 2 98762 7 S -- AQ9865 98762-7-2 6-5-1-1 0 0 0 0 0 0 0 0 0 0 50 0 0 50 0 4.5 0 100 0 0 0 0 0 0 0 0 100 100 100 100  2
(AQ9865) 2 98762 7 S ++ AQ9865 98762-7-2 6-5-1-1 0 0 0 0 0 0 0 0 0 50 0 0 0 50 0 4 0 50 50 0 50 0 0 0 0 0 50 50 50 100  2
(AQ9865) 2 98762 7 S NS AQ9865 98762-7-2 6-5-1-1 0 0 0 0 0 0 0 0 0 50 0 0 50 0 0 3.5 0 0 100 0 100 0 0 0 0 0 0 0 0 100  2
(AQ9865) 7 2 98762 S EW AQ9865 98762-7-2 6-5-1-1 0 0 0 0 0 0 0 0 0 0 50 0 0 50 0 4.5 0 100 0 0 0 0 0 0 0 0 100 100 100 100  2
(AQ9865) 7 2 98762 S -- AQ9865 98762-7-2 6-5-1-1 0 0 0 0 0 0 0 0 0 0 50 0 0 50 0 4.5 0 100 0 0 0 0 0 0 0 0 100 100 100 100  2
(AQ9865) 7 2 98762 S ++ AQ9865 98762-7-2 6-5-1-1 0 0 0 0 0 0 0 0 0 50 0 0 0 50 0 4 0 50 50 0 50 0 0 0 0 0 50 50 50 100  2
(AQ9865) 7 2 98762 S NS AQ9865 98762-7-2 6-5-1-1 0 0 0 0 0 0 0 0 0 50 0 0 50 0 0 3.5 0 0 100 0 100 0 0 0 0 0 0 0 0 100  2
(AQ9865) 2 7 98762 S EW AQ9865 98762-7-2 6-5-1-1 0 0 0 0 0 0 0 0 0 0 50 0 0 50 0 4.5 0 100 0 0 0 0 0 0 0 0 100 100 100 100  2
(AQ9865) 2 7 98762 S -- AQ9865 98762-7-2 6-5-1-1 0 0 0 0 0 0 0 0 0 0 50 0 0 50 0 4.5 0 100 0 0 0 0 0 0 0 0 100 100 100 100  2
(AQ9865) 2 7 98762 S ++ AQ9865 98762-7-2 6-5-1-1 0 0 0 0 0 0 0 0 0 50 0 0 0 50 0 4 0 50 50 0 50 0 0 0 0 0 50 50 50 100  2
(AQ9865) 2 7 98762 S NS AQ9865 98762-7-2 6-5-1-1 0 0 0 0 0 0 0 0 0 50 0 0 50 0 0 3.5 0 0 100 0 100 0 0 0 0 0 0 0 0 100  2
98762 (AQ9865) 7 2 H EW AQ9865 98762-7-2 6-5-1-1 0 0 0 0 0 0 0 0 0 0 50 0 0 50 0 4.5 0 100 0 0 0 0 0 0 0 0 100 100 100 100  2
98762 (AQ9865) 7 2 H -- AQ9865 98762-7-2 6-5-1-1 0 0 0 0 0 0 0 0 0 0 50 0 0 50 0 4.5 0 100 0 0 0 0 0 0 0 0 100 100 100 100  2
98762 (AQ9865) 7 2 H ++ AQ9865 98762-7-2 6-5-1-1 0 0 0 0 0 0 0 0 0 50 0 0 0 50 0 4 0 50 50 0 50 0 0 0 0 0 50 50 50 100  2
98762 (AQ9865) 7 2 H NS AQ9865 98762-7-2 6-5-1-1 0 0 0 0 0 0 0 0 0 50 0 0 50 0 0 3.5 0 0 100 0 100 0 0 0 0 0 0 0 0 100  2
98762 (AQ9865) 2 7 H EW AQ9865 98762-7-2 6-5-1-1 0 0 0 0 0 0 0 0 0 0 50 0 0 50 0 4.5 0 100 0 0 0 0 0 0 0 0 100 100 100 100  2
98762 (AQ9865) 2 7 H -- AQ9865 98762-7-2 6-5-1-1 0 0 0 0 0 0 0 0 0 0 50 0 0 50 0 4.5 0 100 0 0 0 0 0 0 0 0 100 100 100 100  2
98762 (AQ9865) 2 7 H ++ AQ9865 98762-7-2 6-5-1-1 0 0 0 0 0 0 0 0 0 50 0 0 0 50 0 4 0 50 50 0 50 0 0 0 0 0 50 50 50 100  2
98762 (AQ9865) 2 7 H NS AQ9865 98762-7-2 6-5-1-1 0 0 0 0 0 0 0 0 0 50 0 0 50 0 0 3.5 0 0 100 0 100 0 0 0 0 0 0 0 0 100  2
7 (AQ9865) 98762 2 H EW AQ9865 98762-7-2 6-5-1-1 0 0 0 0 0 0 0 0 0 0 50 0 0 50 0 4.5 0 50 50 0 50 0 0 0 0 0 50 50 50 100  2
7 (AQ9865) 98762 2 H -- AQ9865 98762-7-2 6-5-1-1 0 0 0 0 0 0 0 0 0 0 50 0 0 50 0 4.5 0 50 50 0 50 0 0 0 0 0 50 50 50 100  2
7 (AQ9865) 98762 2 H ++ AQ9865 98762-7-2 6-5-1-1 0 0 0 0 0 0 0 0 0 50 0 0 0 50 0 4 0 50 50 0 50 0 0 0 0 0 50 50 50 100  2
7 (AQ9865) 98762 2 H NS AQ9865 98762-7-2 6-5-1-1 0 0 0 0 0 0 0 0 0 50 0 0 50 0 0 3.5 0 0 100 0 100 0 0 0 0 0 0 0 0 100  2
2 (AQ9865) 98762 7 H EW AQ9865 98762-7-2 6-5-1-1 0 0 0 0 0 0 0 0 0 0 50 0 0 0 50 5 0 100 0 0 0 0 0 0 0 0 100 100 100 100  2
2 (AQ9865) 98762 7 H -- AQ9865 98762-7-2 6-5-1-1 0 0 0 0 0 0 0 0 0 0 50 0 0 50 0 4.5 0 50 50 0 50 0 0 0 0 0 50 50 50 100  2
2 (AQ9865) 98762 7 H ++ AQ9865 98762-7-2 6-5-1-1 0 0 0 0 0 0 0 0 0 50 0 0 0 0 50 4.5 0 50 50 0 50 0 0 0 0 0 50 50 50 100  2
2 (AQ9865) 98762 7 H NS AQ9865 98762-7-2 6-5-1-1 0 0 0 0 0 0 0 0 0 50 0 0 50 0 0 3.5 0 0 100 50 50 0 0 0 0 0 0 0 0 50  2
7 (AQ9865) 2 98762 H EW AQ9865 98762-7-2 6-5-1-1 0 0 0 0 0 0 0 0 0 0 50 0 0 50 0 4.5 0 50 50 0 50 0 0 0 0 0 50 50 50 100  2
7 (AQ9865) 2 98762 H -- AQ9865 98762-7-2 6-5-1-1 0 0 0 0 0 0 0 0 0 0 50 0 0 50 0 4.5 0 50 50 0 50 0 0 0 0 0 50 50 50 100  2
7 (AQ9865) 2 98762 H ++ AQ9865 98762-7-2 6-5-1-1 0 0 0 0 0 0 0 0 0 50 0 0 0 50 0 4 0 50 50 0 50 0 0 0 0 0 50 50 50 100  2
7 (AQ9865) 2 98762 H NS AQ9865 98762-7-2 6-5-1-1 0 0 0 0 0 0 0 0 0 50 0 0 50 0 0 3.5 0 0 100 0 100 0 0 0 0 0 0 0 0 100  2
2 (AQ9865) 7 98762 H EW AQ9865 98762-7-2 6-5-1-1 0 0 0 0 0 0 0 0 0 0 50 0 0 0 50 5 0 100 0 0 0 0 0 0 0 0 100 100 100 100  2
2 (AQ9865) 7 98762 H -- AQ9865 98762-7-2 6-5-1-1 0 0 0 0 0 0 0 0 0 0 50 0 0 50 0 4.5 0 50 50 0 50 0 0 0 0 0 50 50 50 100  2
2 (AQ9865) 7 98762 H ++ AQ9865 98762-7-2 6-5-1-1 0 0 0 0 0 0 0 0 0 50 0 0 0 0 50 4.5 0 50 50 0 50 0 0 0 0 0 50 50 50 100  2
2 (AQ9865) 7 98762 H NS AQ9865 98762-7-2 6-5-1-1 0 0 0 0 0 0 0 0 0 50 0 0 50 0 0 3.5 0 0 100 50 50 0 0 0 0 0 0 0 0 50  2
98762 7 (AQ9865) 2 D EW AQ9865 98762-7-2 6-5-1-1 0 0 0 0 0 0 0 0 0 0 50 0 0 50 0 4.5 0 50 50 0 50 0 0 0 0 0 50 50 50 100  2
98762 7 (AQ9865) 2 D -- AQ9865 98762-7-2 6-5-1-1 0 0 0 0 0 0 0 0 0 0 50 0 0 50 0 4.5 0 50 50 0 50 0 0 0 0 0 50 50 50 100  2
98762 7 (AQ9865) 2 D ++ AQ9865 98762-7-2 6-5-1-1 0 0 0 0 0 0 0 0 0 50 0 0 0 50 0 4 0 50 50 0 50 0 0 0 0 0 50 50 50 100  2
98762 7 (AQ9865) 2 D NS AQ9865 98762-7-2 6-5-1-1 0 0 0 0 0 0 0 0 0 50 0 0 50 0 0 3.5 0 0 100 0 100 0 0 0 0 0 0 0 0 100  2
98762 2 (AQ9865) 7 D EW AQ9865 98762-7-2 6-5-1-1 0 0 0 0 0 0 0 0 0 0 50 0 0 0 50 5 0 100 0 0 0 0 0 0 0 0 100 100 100 100  2
98762 2 (AQ9865) 7 D -- AQ9865 98762-7-2 6-5-1-1 0 0 0 0 0 0 0 0 0 0 50 0 0 50 0 4.5 0 50 50 0 50 0 0 0 0 0 50 50 50 100  2
98762 2 (AQ9865) 7 D ++ AQ9865 98762-7-2 6-5-1-1 0 0 0 0 0 0 0 0 0 50 0 0 0 0 50 4.5 0 50 50 0 50 0 0 0 0 0 50 50 50 100  2
98762 2 (AQ9865) 7 D NS AQ9865 98762-7-2 6-5-1-1 0 0 0 0 0 0 0 0 0 50 0 0 50 0 0 3.5 0 0 100 50 50 0 0 0 0 0 0 0 0 50  2
7 98762 (AQ9865) 2 D EW AQ9865 98762-7-2 6-5-1-1 0 0 0 0 0 0 0 0 0 0 50 0 0 50 0 4.5 0 50 50 0 50 0 0 0 0 0 50 50 50 100  2
7 98762 (AQ9865) 2 D -- AQ9865 98762-7-2 6-5-1-1 0 0 0 0 0 0 0 0 0 0 50 0 0 50 0 4.5 0 50 50 0 50 0 0 0 0 0 50 50 50 100  2
7 98762 (AQ9865) 2 D ++ AQ9865 98762-7-2 6-5-1-1 0 0 0 0 0 0 0 0 0 50 0 0 0 50 0 4 0 50 50 0 50 0 0 0 0 0 50 50 50 100  2
7 98762 (AQ9865) 2 D NS AQ9865 98762-7-2 6-5-1-1 0 0 0 0 0 0 0 0 0 50 0 0 50 0 0 3.5 0 0 100 0 100 0 0 0 0 0 0 0 0 100  2
2 98762 (AQ9865) 7 D EW AQ9865 98762-7-2 6-5-1-1 0 0 0 0 0 0 0 0 0 0 50 0 0 0 50 5 0 100 0 0 0 0 0 0 0 0 100 100 100 100  2
2 98762 (AQ9865) 7 D -- AQ9865 98762-7-2 6-5-1-1 0 0 0 0 0 0 0 0 0 0 50 0 0 50 0 4.5 0 50 50 0 50 0 0 0 0 0 50 50 50 100  2
2 98762 (AQ9865) 7 D ++ AQ9865 98762-7-2 6-5-1-1 0 0 0 0 0 0 0 0 0 50 0 0 0 0 50 4.5 0 50 50 0 50 0 0 0 0 0 50 50 50 100  2
2 98762 (AQ9865) 7 D NS AQ9865 98762-7-2 6-5-1-1 0 0 0 0 0 0 0 0 0 50 0 0 50 0 0 3.5 0 0 100 50 50 0 0 0 0 0 0 0 0 50  2
7 2 (AQ9865) 98762 D EW AQ9865 98762-7-2 6-5-1-1 0 0 0 0 0 0 0 0 0 0 50 0 0 50 0 4.5 0 0 100 0 50 0 0 0 0 50 0 50 50 50  2
7 2 (AQ9865) 98762 D -- AQ9865 98762-7-2 6-5-1-1 0 0 0 0 0 0 0 0 0 0 50 0 0 50 0 4.5 0 0 100 0 50 0 0 0 0 50 0 50 50 50  2
7 2 (AQ9865) 98762 D ++ AQ9865 98762-7-2 6-5-1-1 0 0 0 0 0 0 0 0 0 50 0 0 0 50 0 4 0 0 100 0 50 0 0 0 0 50 0 50 50 50  2
7 2 (AQ9865) 98762 D NS AQ9865 98762-7-2 6-5-1-1 0 0 0 0 0 0 0 0 0 50 0 0 50 0 0 3.5 0 0 100 50 50 0 0 0 0 0 0 0 0 50  2
2 7 (AQ9865) 98762 D EW AQ9865 98762-7-2 6-5-1-1 0 0 0 0 0 0 0 0 0 0 50 0 0 0 50 5 0 50 50 0 50 0 0 0 0 0 50 50 50 100  2
2 7 (AQ9865) 98762 D -- AQ9865 98762-7-2 6-5-1-1 0 0 0 0 0 0 0 0 0 0 50 0 0 50 0 4.5 0 0 100 0 100 0 0 0 0 0 0 0 0 100  2
2 7 (AQ9865) 98762 D ++ AQ9865 98762-7-2 6-5-1-1 0 0 0 0 0 0 0 0 0 50 0 0 0 0 50 4.5 0 50 50 0 50 0 0 0 0 0 50 50 50 100  2
2 7 (AQ9865) 98762 D NS AQ9865 98762-7-2 6-5-1-1 0 0 0 0 0 0 0 0 0 50 0 0 50 0 0 3.5 0 0 100 50 50 0 0 0 0 0 0 0 0 50  2
98762 7 2 (AQ9865) C EW AQ9865 98762-7-2 6-5-1-1 0 0 0 0 0 0 0 0 0 0 50 0 0 50 0 4.5 0 0 100 0 50 0 0 0 0 50 0 50 50 50  2
98762 7 2 (AQ9865) C -- AQ9865 98762-7-2 6-5-1-1 0 0 0 0 0 0 0 0 0 0 50 0 0 50 0 4.5 0 0 100 0 50 0 0 0 0 50 0 50 50 50  2
98762 7 2 (AQ9865) C ++ AQ9865 98762-7-2 6-5-1-1 0 0 0 0 0 0 0 0 0 50 0 0 0 50 0 4 0 0 100 0 50 0 0 0 0 50 0 50 50 50  2
98762 7 2 (AQ9865) C NS AQ9865 98762-7-2 6-5-1-1 0 0 0 0 0 0 0 0 0 50 0 0 50 0 0 3.5 0 0 100 50 50 0 0 0 0 0 0 0 0 50  2
98762 2 7 (AQ9865) C EW AQ9865 98762-7-2 6-5-1-1 0 0 0 0 0 0 0 0 0 0 50 0 0 0 50 5 0 50 50 0 50 0 0 0 0 0 50 50 50 100  2
98762 2 7 (AQ9865) C -- AQ9865 98762-7-2 6-5-1-1 0 0 0 0 0 0 0 0 0 0 50 0 0 50 0 4.5 0 0 100 0 100 0 0 0 0 0 0 0 0 100  2
98762 2 7 (AQ9865) C ++ AQ9865 98762-7-2 6-5-1-1 0 0 0 0 0 0 0 0 0 50 0 0 0 0 50 4.5 0 50 50 0 50 0 0 0 0 0 50 50 50 100  2
98762 2 7 (AQ9865) C NS AQ9865 98762-7-2 6-5-1-1 0 0 0 0 0 0 0 0 0 50 0 0 50 0 0 3.5 0 0 100 50 50 0 0 0 0 0 0 0 0 50  2
7 98762 2 (AQ9865) C EW AQ9865 98762-7-2 6-5-1-1 0 0 0 0 0 0 0 0 0 0 50 0 0 50 0 4.5 0 0 100 0 50 0 0 0 0 50 0 50 50 50  2
7 98762 2 (AQ9865) C -- AQ9865 98762-7-2 6-5-1-1 0 0 0 0 0 0 0 0 0 0 50 0 0 50 0 4.5 0 0 100 0 50 0 0 0 0 50 0 50 50 50  2
7 98762 2 (AQ9865) C ++ AQ9865 98762-7-2 6-5-1-1 0 0 0 0 0 0 0 0 0 50 0 0 0 50 0 4 0 0 100 0 50 0 0 0 0 50 0 50 50 50  2
7 98762 2 (AQ9865) C NS AQ9865 98762-7-2 6-5-1-1 0 0 0 0 0 0 0 0 0 50 0 0 50 0 0 3.5 0 0 100 50 50 0 0 0 0 0 0 0 0 50  2
2 98762 7 (AQ9865) C EW AQ9865 98762-7-2 6-5-1-1 0 0 0 0 0 0 0 0 0 0 50 0 0 0 50 5 0 50 50 0 50 0 0 0 0 0 50 50 50 100  2
2 98762 7 (AQ9865) C -- AQ9865 98762-7-2 6-5-1-1 0 0 0 0 0 0 0 0 0 0 50 0 0 50 0 4.5 0 0 100 0 100 0 0 0 0 0 0 0 0 100  2
2 98762 7 (AQ9865) C ++ AQ9865 98762-7-2 6-5-1-1 0 0 0 0 0 0 0 0 0 50 0 0 0 0 50 4.5 0 50 50 0 50 0 0 0 0 0 50 50 50 100  2
2 98762 7 (AQ9865) C NS AQ9865 98762-7-2 6-5-1-1 0 0 0 0 0 0 0 0 0 50 0 0 50 0 0 3.5 0 0 100 50 50 0 0 0 0 0 0 0 0 50  2
7 2 98762 (AQ9865) C EW AQ9865 98762-7-2 6-5-1-1 0 0 0 0 0 0 0 0 0 0 50 0 0 50 0 4.5 0 0 100 0 50 0 0 0 0 50 0 50 50 50  2
7 2 98762 (AQ9865) C -- AQ9865 98762-7-2 6-5-1-1 0 0 0 0 0 0 0 0 0 0 50 0 0 50 0 4.5 0 0 100 0 50 0 0 0 0 50 0 50 50 50  2
7 2 98762 (AQ9865) C ++ AQ9865 98762-7-2 6-5-1-1 0 0 0 0 0 0 0 0 0 50 0 0 0 50 0 4 0 0 100 0 50 0 0 0 0 50 0 50 50 50  2
7 2 98762 (AQ9865) C NS AQ9865 98762-7-2 6-5-1-1 0 0 0 0 0 0 0 0 0 50 0 0 50 0 0 3.5 0 0 100 50 50 0 0 0 0 0 0 0 0 50  2
2 7 98762 (AQ9865) C EW AQ9865 98762-7-2 6-5-1-1 0 0 0 0 0 0 0 0 0 0 50 0 0 0 50 5 0 50 50 0 50 0 0 0 0 0 50 50 50 100  2
2 7 98762 (AQ9865) C -- AQ9865 98762-7-2 6-5-1-1 0 0 0 0 0 0 0 0 0 0 50 0 0 50 0 4.5 0 0 100 0 100 0 0 0 0 0 0 0 0 100  2
2 7 98762 (AQ9865) C ++ AQ9865 98762-7-2 6-5-1-1 0 0 0 0 0 0 0 0 0 50 0 0 0 0 50 4.5 0 50 50 0 50 0 0 0 0 0 50 50 50 100  2
2 7 98762 (AQ9865) C NS AQ9865 98762-7-2 6-5-1-1 0 0 0 0 0 0 0 0 0 50 0 0 50 0 0 3.5 0 0 100 50 50 0 0 0 0 0 0 0 0 50  2
(KJT732) AKJT5 J J S EW KJT732 AKJT5-J-J 6-5-1-1 0 0 0 0 0 0 0 0 0 0 0 100 100 0 0 4.5 200 0 0 0 0 0 0 0 200 0 0 200 0 200  2
(KJT732) AKJT5 J J S -- KJT732 AKJT5-J-J 6-5-1-1 0 0 0 0 0 0 0 0 0 0 0 100 100 0 0 4.5 200 0 0 0 0 0 0 0 200 0 0 200 0 200  2
(KJT732) AKJT5 J J S ++ KJT732 AKJT5-J-J 6-5-1-1 0 0 0 0 0 0 0 0 0 0 0 100 100 0 0 4.5 200 0 0 0 0 0 0 0 200 0 0 200 0 200  2
(KJT732) AKJT5 J J S NS KJT732 AKJT5-J-J 6-5-1-1 0 0 0 0 0 0 0 0 0 0 0 100 100 0 0 4.5 0 0 200 0 0 0 150 50 0 0 0 50 150 150  2
(KJT732) AKJT5 J J S EW KJT732 AKJT5-J-J 6-5-1-1 0 0 0 0 0 0 0 0 0 0 0 100 100 0 0 4.5 200 0 0 0 0 0 0 0 200 0 0 200 0 200  2
(KJT732) AKJT5 J J S -- KJT732 AKJT5-J-J 6-5-1-1 0 0 0 0 0 0 0 0 0 0 0 100 100 0 0 4.5 200 0 0 0 0 0 0 0 200 0 0 200 0 200  2
(KJT732) AKJT5 J J S ++ KJT732 AKJT5-J-J 6-5-1-1 0 0 0 0 0 0 0 0 0 0 0 100 100 0 0 4.5 200 0 0 0 0 0 0 0 200 0 0 200 0 200  2
(KJT732) AKJT5 J J S NS KJT732 AKJT5-J-J 6-5-1-1 0 0 0 0 0 0 0 0 0 0 0 100 100 0 0 4.5 0 0 200 0 0 0 150 50 0 0 0 50 150 150  2
(KJT732) J AKJT5 J S EW KJT732 AKJT5-J-J 6-5-1-1 50 0 0 0 0 0 0 0 0 0 0 50 100 0 0 4.67 150 0 50 0 0 0 0 50 150 0 0 200 0 150  2
(KJT732) J AKJT5 J S -- KJT732 AKJT5-J-J 6-5-1-1 50 0 0 0 0 0 0 0 0 0 0 50 100 0 0 4.67 150 0 50 0 0 0 0 50 150 0 0 200 0 150  2
(KJT732) J AKJT5 J S ++ KJT732 AKJT5-J-J 6-5-1-1 50 0 0 0 0 0 0 0 0 0 0 50 100 0 0 4.67 150 0 50 0 0 0 0 50 150 0 0 200 0 150  2
(KJT732) J AKJT5 J S NS KJT732 AKJT5-J-J 6-5-1-1 50 0 0 0 0 0 0 0 0 0 0 50 100 0 0 4.67 0 0 200 0 0 0 150 50 0 0 0 50 150 150  2
(KJT732) J AKJT5 J S EW KJT732 AKJT5-J-J 6-5-1-1 50 0 0 0 0 0 0 0 0 0 0 50 100 0 0 4.67 150 0 50 0 0 0 0 50 150 0 0 200 0 150  2
(KJT732) J AKJT5 J S -- KJT732 AKJT5-J-J 6-5-1-1 50 0 0 0 0 0 0 0 0 0 0 50 100 0 0 4.67 150 0 50 0 0 0 0 50 150 0 0 200 0 150  2
(KJT732) J AKJT5 J S ++ KJT732 AKJT5-J-J 6-5-1-1 50 0 0 0 0 0 0 0 0 0 0 50 100 0 0 4.67 150 0 50 0 0 0 0 50 150 0 0 200 0 150  2
(KJT732) J AKJT5 J S NS KJT732 AKJT5-J-J 6-5-1-1 50 0 0 0 0 0 0 0 0 0 0 50 100 0 0 4.67 0 0 200 0 0 0 150 50 0 0 0 50 150 150  2
(KJT732) J J AKJT5 S EW KJT732 AKJT5-J-J 6-5-1-1 50 0 0 0 0 0 0 0 0 0 0 50 100 0 0 4.67 150 0 50 0 0 0 0 50 150 0 0 200 0 150  2
(KJT732) J J AKJT5 S -- KJT732 AKJT5-J-J 6-5-1-1 50 0 0 0 0 0 0 0 0 0 0 50 100 0 0 4.67 150 0 50 0 0 0 0 50 150 0 0 200 0 150  2
(KJT732) J J AKJT5 S ++ KJT732 AKJT5-J-J 6-5-1-1 50 0 0 0 0 0 0 0 0 0 0 50 100 0 0 4.67 150 0 50 0 0 0 0 50 150 0 0 200 0 150  2
(KJT732) J J AKJT5 S NS KJT732 AKJT5-J-J 6-5-1-1 50 0 0 0 0 0 0 0 0 0 0 50 100 0 0 4.67 0 0 200 0 0 0 150 50 0 0 0 50 150 150  2
(KJT732) J J AKJT5 S EW KJT732 AKJT5-J-J 6-5-1-1 50 0 0 0 0 0 0 0 0 0 0 50 100 0 0 4.67 150 0 50 0 0 0 0 50 150 0 0 200 0 150  2
(KJT732) J J AKJT5 S -- KJT732 AKJT5-J-J 6-5-1-1 50 0 0 0 0 0 0 0 0 0 0 50 100 0 0 4.67 150 0 50 0 0 0 0 50 150 0 0 200 0 150  2
(KJT732) J J AKJT5 S ++ KJT732 AKJT5-J-J 6-5-1-1 50 0 0 0 0 0 0 0 0 0 0 50 100 0 0 4.67 150 0 50 0 0 0 0 50 150 0 0 200 0 150  2
(KJT732) J J AKJT5 S NS KJT732 AKJT5-J-J 6-5-1-1 50 0 0 0 0 0 0 0 0 0 0 50 100 0 0 4.67 0 0 200 0 0 0 150 50 0 0 0 50 150 150  2
AKJT5 (KJT732) J J H EW KJT732 AKJT5-J-J 6-5-1-1 0 0 0 0 0 0 0 0 0 0 0 100 100 0 0 4.5 200 0 0 0 0 0 0 0 200 0 0 200 0 200  2
AKJT5 (KJT732) J J H -- KJT732 AKJT5-J-J 6-5-1-1 0 0 0 0 0 0 0 0 0 0 0 100 100 0 0 4.5 200 0 0 0 0 0 0 0 200 0 0 200 0 200  2
AKJT5 (KJT732) J J H ++ KJT732 AKJT5-J-J 6-5-1-1 0 0 0 0 0 0 0 0 0 0 0 100 100 0 0 4.5 200 0 0 0 0 0 0 0 200 0 0 200 0 200  2
AKJT5 (KJT732) J J H NS KJT732 AKJT5-J-J 6-5-1-1 0 0 0 0 0 0 0 0 0 0 0 100 100 0 0 4.5 0 0 200 0 0 0 150 50 0 0 0 50 150 150  2
AKJT5 (KJT732) J J H EW KJT732 AKJT5-J-J 6-5-1-1 0 0 0 0 0 0 0 0 0 0 0 100 100 0 0 4.5 200 0 0 0 0 0 0 0 200 0 0 200 0 200  2
AKJT5 (KJT732) J J H -- KJT732 AKJT5-J-J 6-5-1-1 0 0 0 0 0 0 0 0 0 0 0 100 100 0 0 4.5 200 0 0 0 0 0 0 0 200 0 0 200 0 200  2
AKJT5 (KJT732) J J H ++ KJT732 AKJT5-J-J 6-5-1-1 0 0 0 0 0 0 0 0 0 0 0 100 100 0 0 4.5 200 0 0 0 0 0 0 0 200 0 0 200 0 200  2
AKJT5 (KJT732) J J H NS KJT732 AKJT5-J-J 6-5-1-1 0 0 0 0 0 0 0 0 0 0 0 100 100 0 0 4.5 0 0 200 0 0 0 150 50 0 0 0 50 150 150  2
J (KJT732) AKJT5 J H EW KJT732 AKJT5-J-J 6-5-1-1 50 0 0 0 0 0 0 0 0 0 0 50 100 0 0 4.67 150 0 50 0 0 0 0 50 150 0 0 200 0 150  2
J (KJT732) AKJT5 J H -- KJT732 AKJT5-J-J 6-5-1-1 50 0 0 0 0 0 0 0 0 0 0 50 100 0 0 4.67 0 0 200 0 0 0 100 100 0 0 0 100 100 100  2
J (KJT732) AKJT5 J H ++ KJT732 AKJT5-J-J 6-5-1-1 50 0 0 0 0 0 0 0 0 0 0 50 100 0 0 4.67 0 0 200 0 0 0 100 100 0 0 0 100 100 100  2
J (KJT732) AKJT5 J H NS KJT732 AKJT5-J-J 6-5-1-1 50 0 0 0 0 0 0 0 0 0 0 50 100 0 0 4.67 0 0 200 0 0 50 100 50 0 0 0 50 150 100  2
J (KJT732) AKJT5 J H EW KJT732 AKJT5-J-J 6-5-1-1 50 0 0 0 0 0 0 0 0 0 0 50 100 0 0 4.67 150 0 50 0 0 0 0 50 150 0 0 200 0 150  2
J (KJT732) AKJT5 J H -- KJT732 AKJT5-J-J 6-5-1-1 50 0 0 0 0 0 0 0 0 0 0 50 100 0 0 4.67 0 0 200 0 0 0 100 100 0 0 0 100 100 100  2
J (KJT732) AKJT5 J H ++ KJT732 AKJT5-J-J 6-5-1-1 50 0 0 0 0 0 0 0 0 0 0 50 100 0 0 4.67 0 0 200 0 0 0 100 100 0 0 0 100 100 100  2
J (KJT732) AKJT5 J H NS KJT732 AKJT5-J-J 6-5-1-1 50 0 0 0 0 0 0 0 0 0 0 50 100 0 0 4.67 0 0 200 0 0 50 100 50 0 0 0 50 150 100  2
J (KJT732) J AKJT5 H EW KJT732 AKJT5-J-J 6-5-1-1 50 0 0 0 0 0 0 0 0 0 0 50 100 0 0 4.67 150 0 50 0 0 0 0 50 150 0 0 200 0 150  2
J (KJT732) J AKJT5 H -- KJT732 AKJT5-J-J 6-5-1-1 50 0 0 0 0 0 0 0 0 0 0 50 100 0 0 4.67 0 0 200 0 0 0 100 100 0 0 0 100 100 100  2
J (KJT732) J AKJT5 H ++ KJT732 AKJT5-J-J 6-5-1-1 50 0 0 0 0 0 0 0 0 0 0 50 100 0 0 4.67 0 0 200 0 0 0 100 100 0 0 0 100 100 100  2
J (KJT732) J AKJT5 H NS KJT732 AKJT5-J-J 6-5-1-1 50 0 0 0 0 0 0 0 0 0 0 50 100 0 0 4.67 0 0 200 0 0 50 100 50 0 0 0 50 150 100  2
J (KJT732) J AKJT5 H EW KJT732 AKJT5-J-J 6-5-1-1 50 0 0 0 0 0 0 0 0 0 0 50 100 0 0 4.67 150 0 50 0 0 0 0 50 150 0 0 200 0 150  2
J (KJT732) J AKJT5 H -- KJT732 AKJT5-J-J 6-5-1-1 50 0 0 0 0 0 0 0 0 0 0 50 100 0 0 4.67 0 0 200 0 0 0 100 100 0 0 0 100 100 100  2
J (KJT732) J AKJT5 H ++ KJT732 AKJT5-J-J 6-5-1-1 50 0 0 0 0 0 0 0 0 0 0 50 100 0 0 4.67 0 0 200 0 0 0 100 100 0 0 0 100 100 100  2
J (KJT732) J AKJT5 H NS KJT732 AKJT5-J-J 6-5-1-1 50 0 0 0 0 0 0 0 0 0 0 50 100 0 0 4.67 0 0 200 0 0 50 100 50 0 0 0 50 150 100  2
AKJT5 J (KJT732) J D EW KJT732 AKJT5-J-J 6-5-1-1 200 0 0 0 0 0 0 0 0 0 0 0 0 0 0 0 0 0 200 0 0 0 0 200 0 0 0 200 0 0  2
AKJT5 J (KJT732) J D -- KJT732 AKJT5-J-J 6-5-1-1 100 0 0 0 0 0 0 0 0 0 0 0 100 0 0 5 0 0 200 0 0 0 100 100 0 0 0 100 100 100  2
AKJT5 J (KJT732) J D ++ KJT732 AKJT5-J-J 6-5-1-1 100 0 0 0 0 0 0 0 0 0 0 0 100 0 0 5 0 0 200 0 0 0 100 100 0 0 0 100 100 100  2
AKJT5 J (KJT732) J D NS KJT732 AKJT5-J-J 6-5-1-1 100 0 0 0 0 0 0 0 0 0 0 0 100 0 0 5 0 0 200 0 0 50 100 50 0 0 0 50 150 100  2
AKJT5 J (KJT732) J D EW KJT732 AKJT5-J-J 6-5-1-1 200 0 0 0 0 0 0 0 0 0 0 0 0 0 0 0 0 0 200 0 0 0 0 200 0 0 0 200 0 0  2
AKJT5 J (KJT732) J D -- KJT732 AKJT5-J-J 6-5-1-1 100 0 0 0 0 0 0 0 0 0 0 0 100 0 0 5 0 0 200 0 0 0 100 100 0 0 0 100 100 100  2
AKJT5 J (KJT732) J D ++ KJT732 AKJT5-J-J 6-5-1-1 100 0 0 0 0 0 0 0 0 0 0 0 100 0 0 5 0 0 200 0 0 0 100 100 0 0 0 100 100 100  2
AKJT5 J (KJT732) J D NS KJT732 AKJT5-J-J 6-5-1-1 100 0 0 0 0 0 0 0 0 0 0 0 100 0 0 5 0 0 200 0 0 50 100 50 0 0 0 50 150 100  2
J AKJT5 (KJT732) J D EW KJT732 AKJT5-J-J 6-5-1-1 100 0 0 0 0 0 0 0 0 0 0 0 100 0 0 5 100 0 100 0 0 0 0 100 100 0 0 200 0 100  2
J AKJT5 (KJT732) J D -- KJT732 AKJT5-J-J 6-5-1-1 100 0 0 0 0 0 0 0 0 0 0 0 100 0 0 5 0 0 200 0 0 0 100 100 0 0 0 100 100 100  2
J AKJT5 (KJT732) J D ++ KJT732 AKJT5-J-J 6-5-1-1 100 0 0 0 0 0 0 0 0 0 0 0 100 0 0 5 0 0 200 0 0 0 100 100 0 0 0 100 100 100  2
J AKJT5 (KJT732) J D NS KJT732 AKJT5-J-J 6-5-1-1 100 0 0 0 0 0 0 0 0 0 0 0 100 0 0 5 0 0 200 0 0 50 100 50 0 0 0 50 150 100  2
J AKJT5 (KJT732) J D EW KJT732 AKJT5-J-J 6-5-1-1 100 0 0 0 0 0 0 0 0 0 0 0 100 0 0 5 100 0 100 0 0 0 0 100 100 0 0 200 0 100  2
J AKJT5 (KJT732) J D -- KJT732 AKJT5-J-J 6-5-1-1 100 0 0 0 0 0 0 0 0 0 0 0 100 0 0 5 0 0 200 0 0 0 100 100 0 0 0 100 100 100  2
J AKJT5 (KJT732) J D ++ KJT732 AKJT5-J-J 6-5-1-1 100 0 0 0 0 0 0 0 0 0 0 0 100 0 0 5 0 0 200 0 0 0 100 100 0 0 0 100 100 100  2
J AKJT5 (KJT732) J D NS KJT732 AKJT5-J-J 6-5-1-1 100 0 0 0 0 0 0 0 0 0 0 0 100 0 0 5 0 0 200 0 0 50 100 50 0 0 0 50 150 100  2
J J (KJT732) AKJT5 D EW KJT732 AKJT5-J-J 6-5-1-1 100 0 0 0 0 0 0 0 0 0 0 0 100 0 0 5 100 0 100 0 0 0 0 100 100 0 0 200 0 100  2
J J (KJT732) AKJT5 D -- KJT732 AKJT5-J-J 6-5-1-1 100 0 0 0 0 0 0 0 0 0 0 0 100 0 0 5 0 0 200 0 0 0 100 100 0 0 0 100 100 100  2
J J (KJT732) AKJT5 D ++ KJT732 AKJT5-J-J 6-5-1-1 100 0 0 0 0 0 0 0 0 0 0 0 100 0 0 5 0 0 200 0 0 0 100 100 0 0 0 100 100 100  2
J J (KJT732) AKJT5 D NS KJT732 AKJT5-J-J 6-5-1-1 100 0 0 0 0 0 0 0 0 0 0 0 100 0 0 5 0 0 200 0 0 50 100 50 0 0 0 50 150 100  2
J J (KJT732) AKJT5 D EW KJT732 AKJT5-J-J 6-5-1-1 100 0 0 0 0 0 0 0 0 0 0 0 100 0 0 5 100 0 100 0 0 0 0 100 100 0 0 200 0 100  2
J J (KJT732) AKJT5 D -- KJT732 AKJT5-J-J 6-5-1-1 100 0 0 0 0 0 0 0 0 0 0 0 100 0 0 5 0 0 200 0 0 0 100 100 0 0 0 100 100 100  2
J J (KJT732) AKJT5 D ++ KJT732 AKJT5-J-J 6-5-1-1 100 0 0 0 0 0 0 0 0 0 0 0 100 0 0 5 0 0 200 0 0 0 100 100 0 0 0 100 100 100  2
J J (KJT732) AKJT5 D NS KJT732 AKJT5-J-J 6-5-1-1 100 0 0 0 0 0 0 0 0 0 0 0 100 0 0 5 0 0 200 0 0 50 100 50 0 0 0 50 150 100  2
AKJT5 J J (KJT732) C EW KJT732 AKJT5-J-J 6-5-1-1 200 0 0 0 0 0 0 0 0 0 0 0 0 0 0 0 0 0 200 0 0 0 0 200 0 0 0 200 0 0  2
AKJT5 J J (KJT732) C -- KJT732 AKJT5-J-J 6-5-1-1 100 0 0 0 0 0 0 0 0 0 0 0 100 0 0 5 0 0 200 0 0 0 100 100 0 0 0 100 100 100  2
AKJT5 J J (KJT732) C ++ KJT732 AKJT5-J-J 6-5-1-1 100 0 0 0 0 0 0 0 0 0 0 0 100 0 0 5 0 0 200 0 0 0 100 100 0 0 0 100 100 100  2
AKJT5 J J (KJT732) C NS KJT732 AKJT5-J-J 6-5-1-1 100 0 0 0 0 0 0 0 0 0 0 0 100 0 0 5 0 0 200 0 0 50 100 50 0 0 0 50 150 100  2
AKJT5 J J (KJT732) C EW KJT732 AKJT5-J-J 6-5-1-1 200 0 0 0 0 0 0 0 0 0 0 0 0 0 0 0 0 0 200 0 0 0 0 200 0 0 0 200 0 0  2
AKJT5 J J (KJT732) C -- KJT732 AKJT5-J-J 6-5-1-1 100 0 0 0 0 0 0 0 0 0 0 0 100 0 0 5 0 0 200 0 0 0 100 100 0 0 0 100 100 100  2
AKJT5 J J (KJT732) C ++ KJT732 AKJT5-J-J 6-5-1-1 100 0 0 0 0 0 0 0 0 0 0 0 100 0 0 5 0 0 200 0 0 0 100 100 0 0 0 100 100 100  2
AKJT5 J J (KJT732) C NS KJT732 AKJT5-J-J 6-5-1-1 100 0 0 0 0 0 0 0 0 0 0 0 100 0 0 5 0 0 200 0 0 50 100 50 0 0 0 50 150 100  2
J AKJT5 J (KJT732) C EW KJT732 AKJT5-J-J 6-5-1-1 100 0 0 0 0 0 0 0 0 0 0 0 100 0 0 5 100 0 100 0 0 0 0 100 100 0 0 200 0 100  2
J AKJT5 J (KJT732) C -- KJT732 AKJT5-J-J 6-5-1-1 100 0 0 0 0 0 0 0 0 0 0 0 100 0 0 5 0 0 200 0 0 0 100 100 0 0 0 100 100 100  2
J AKJT5 J (KJT732) C ++ KJT732 AKJT5-J-J 6-5-1-1 100 0 0 0 0 0 0 0 0 0 0 0 100 0 0 5 0 0 200 0 0 0 100 100 0 0 0 100 100 100  2
J AKJT5 J (KJT732) C NS KJT732 AKJT5-J-J 6-5-1-1 100 0 0 0 0 0 0 0 0 0 0 0 100 0 0 5 0 0 200 0 0 50 100 50 0 0 0 50 150 100  2
J AKJT5 J (KJT732) C EW KJT732 AKJT5-J-J 6-5-1-1 100 0 0 0 0 0 0 0 0 0 0 0 100 0 0 5 100 0 100 0 0 0 0 100 100 0 0 200 0 100  2
J AKJT5 J (KJT732) C -- KJT732 AKJT5-J-J 6-5-1-1 100 0 0 0 0 0 0 0 0 0 0 0 100 0 0 5 0 0 200 0 0 0 100 100 0 0 0 100 100 100  2
J AKJT5 J (KJT732) C ++ KJT732 AKJT5-J-J 6-5-1-1 100 0 0 0 0 0 0 0 0 0 0 0 100 0 0 5 0 0 200 0 0 0 100 100 0 0 0 100 100 100  2
J AKJT5 J (KJT732) C NS KJT732 AKJT5-J-J 6-5-1-1 100 0 0 0 0 0 0 0 0 0 0 0 100 0 0 5 0 0 200 0 0 50 100 50 0 0 0 50 150 100  2
J J AKJT5 (KJT732) C EW KJT732 AKJT5-J-J 6-5-1-1 100 0 0 0 0 0 0 0 0 0 0 0 100 0 0 5 100 0 100 0 0 0 0 100 100 0 0 200 0 100  2
J J AKJT5 (KJT732) C -- KJT732 AKJT5-J-J 6-5-1-1 100 0 0 0 0 0 0 0 0 0 0 0 100 0 0 5 0 0 200 0 0 0 100 100 0 0 0 100 100 100  2
J J AKJT5 (KJT732) C ++ KJT732 AKJT5-J-J 6-5-1-1 100 0 0 0 0 0 0 0 0 0 0 0 100 0 0 5 0 0 200 0 0 0 100 100 0 0 0 100 100 100  2
J J AKJT5 (KJT732) C NS KJT732 AKJT5-J-J 6-5-1-1 100 0 0 0 0 0 0 0 0 0 0 0 100 0 0 5 0 0 200 0 0 50 100 50 0 0 0 50 150 100  2
J J AKJT5 (KJT732) C EW KJT732 AKJT5-J-J 6-5-1-1 100 0 0 0 0 0 0 0 0 0 0 0 100 0 0 5 100 0 100 0 0 0 0 100 100 0 0 200 0 100  2
J J AKJT5 (KJT732) C -- KJT732 AKJT5-J-J 6-5-1-1 100 0 0 0 0 0 0 0 0 0 0 0 100 0 0 5 0 0 200 0 0 0 100 100 0 0 0 100 100 100  2
J J AKJT5 (KJT732) C ++ KJT732 AKJT5-J-J 6-5-1-1 100 0 0 0 0 0 0 0 0 0 0 0 100 0 0 5 0 0 200 0 0 0 100 100 0 0 0 100 100 100  2
J J AKJT5 (KJT732) C NS KJT732 AKJT5-J-J 6-5-1-1 100 0 0 0 0 0 0 0 0 0 0 0 100 0 0 5 0 0 200 0 0 50 100 50 0 0 0 50 150 100  2
(KJT732) 98762 7 2 S EW KJT732 98762-7-2 6-5-1-1 50 0 0 0 0 0 0 0 0 50 0 0 0 0 0 2 0 0 100 50 0 0 0 50 0 0 0 50 0 0  2
(KJT732) 98762 7 2 S -- KJT732 98762-7-2 6-5-1-1 50 0 0 0 0 0 0 0 50 0 0 0 0 0 0 1 0 0 100 50 0 0 0 50 0 0 0 50 0 0  2
(KJT732) 98762 7 2 S ++ KJT732 98762-7-2 6-5-1-1 50 0 0 0 0 0 0 0 50 0 0 0 0 0 0 1 0 0 100 50 0 0 0 50 0 0 0 50 0 0  2
(KJT732) 98762 7 2 S NS KJT732 98762-7-2 6-5-1-1 50 0 0 0 0 0 0 50 0 0 0 0 0 0 0 0 0 0 100 50 0 0 0 50 0 0 0 50 0 0  2
(KJT732) 98762 2 7 S EW KJT732 98762-7-2 6-5-1-1 50 0 0 0 0 0 0 0 0 50 0 0 0 0 0 2 0 0 100 50 0 0 0 50 0 0 0 50 0 0  2
(KJT732) 98762 2 7 S -- KJT732 98762-7-2 6-5-1-1 50 0 0 0 0 0 0 0 50 0 0 0 0 0 0 1 0 0 100 50 0 0 0 50 0 0 0 50 0 0  2
(KJT732) 98762 2 7 S ++ KJT732 98762-7-2 6-5-1-1 50 0 0 0 0 0 0 0 50 0 0 0 0 0 0 1 0 0 100 50 0 0 0 50 0 0 0 50 0 0  2
(KJT732) 98762 2 7 S NS KJT732 98762-7-2 6-5-1-1 50 0 0 0 0 0 0 50 0 0 0 0 0 0 0 0 0 0 100 50 0 0 0 50 0 0 0 50 0 0  2
(KJT732) 7 98762 2 S EW KJT732 98762-7-2 6-5-1-1 0 0 0 0 0 0 0 0 0 100 0 0 0 0 0 2 50 0 50 50 0 0 0 0 50 0 0 50 0 50  2
(KJT732) 7 98762 2 S -- KJT732 98762-7-2 6-5-1-1 0 0 0 0 0 0 0 0 50 50 0 0 0 0 0 1.5 0 0 100 50 0 0 0 50 0 0 0 50 0 0  2
(KJT732) 7 98762 2 S ++ KJT732 98762-7-2 6-5-1-1 0 0 0 0 0 0 0 0 50 50 0 0 0 0 0 1.5 50 0 50 50 0 0 0 0 50 0 0 50 0 50  2
(KJT732) 7 98762 2 S NS KJT732 98762-7-2 6-5-1-1 0 0 0 0 0 0 0 50 0 50 0 0 0 0 0 1 0 0 100 50 0 0 0 50 0 0 0 50 0 0  2
(KJT732) 2 98762 7 S EW KJT732 98762-7-2 6-5-1-1 0 0 0 0 0 0 0 0 0 100 0 0 0 0 0 2 50 0 50 50 0 0 0 0 50 0 0 50 0 50  2
(KJT732) 2 98762 7 S -- KJT732 98762-7-2 6-5-1-1 0 0 0 0 0 0 0 0 50 50 0 0 0 0 0 1.5 0 0 100 50 0 0 50 0 0 0 0 0 50 50  2
(KJT732) 2 98762 7 S ++ KJT732 98762-7-2 6-5-1-1 0 0 0 0 0 0 0 0 50 50 0 0 0 0 0 1.5 50 0 50 50 0 0 0 0 50 0 0 50 0 50  2
(KJT732) 2 98762 7 S NS KJT732 98762-7-2 6-5-1-1 0 0 0 0 0 0 0 50 0 50 0 0 0 0 0 1 0 0 100 50 0 0 50 0 0 0 0 0 50 50  2
(KJT732) 7 2 98762 S EW KJT732 98762-7-2 6-5-1-1 0 0 0 0 0 0 0 0 0 100 0 0 0 0 0 2 50 0 50 50 0 0 0 0 50 0 0 50 0 50  2
(KJT732) 7 2 98762 S -- KJT732 98762-7-2 6-5-1-1 0 0 0 0 0 0 0 0 50 50 0 0 0 0 0 1.5 0 0 100 50 0 0 50 0 0 0 0 0 50 50  2
(KJT732) 7 2 98762 S ++ KJT732 98762-7-2 6-5-1-1 0 0 0 0 0 0 0 0 50 50 0 0 0 0 0 1.5 50 0 50 50 0 0 0 0 50 0 0 50 0 50  2
(KJT732) 7 2 98762 S NS KJT732 98762-7-2 6-5-1-1 0 0 0 0 0 0 0 50 0 50 0 0 0 0 0 1 0 0 100 50 0 0 50 0 0 0 0 0 50 50  2
(KJT732) 2 7 98762 S EW KJT732 98762-7-2 6-5-1-1 0 0 0 0 0 0 0 0 0 100 0 0 0 0 0 2 50 0 50 50 0 0 0 0 50 0 0 50 0 50  2
(KJT732) 2 7 98762 S -- KJT732 98762-7-2 6-5-1-1 0 0 0 0 0 0 0 0 50 50 0 0 0 0 0 1.5 0 0 100 50 0 0 50 0 0 0 0 0 50 50  2
(KJT732) 2 7 98762 S ++ KJT732 98762-7-2 6-5-1-1 0 0 0 0 0 0 0 0 50 50 0 0 0 0 0 1.5 50 0 50 50 0 0 0 0 50 0 0 50 0 50  2
(KJT732) 2 7 98762 S NS KJT732 98762-7-2 6-5-1-1 0 0 0 0 0 0 0 50 0 50 0 0 0 0 0 1 0 0 100 50 0 0 50 0 0 0 0 0 50 50  2
98762 (KJT732) 7 2 H EW KJT732 98762-7-2 6-5-1-1 50 0 0 0 0 0 0 0 0 50 0 0 0 0 0 2 0 0 100 50 0 0 0 50 0 0 0 50 0 0  2
98762 (KJT732) 7 2 H -- KJT732 98762-7-2 6-5-1-1 50 0 0 0 0 0 0 0 50 0 0 0 0 0 0 1 0 0 100 50 0 0 0 50 0 0 0 50 0 0  2
98762 (KJT732) 7 2 H ++ KJT732 98762-7-2 6-5-1-1 50 0 0 0 0 0 0 0 50 0 0 0 0 0 0 1 0 0 100 50 0 0 0 50 0 0 0 50 0 0  2
98762 (KJT732) 7 2 H NS KJT732 98762-7-2 6-5-1-1 50 0 0 0 0 0 0 50 0 0 0 0 0 0 0 0 0 0 100 50 0 0 0 50 0 0 0 50 0 0  2
98762 (KJT732) 2 7 H EW KJT732 98762-7-2 6-5-1-1 50 0 0 0 0 0 0 0 0 50 0 0 0 0 0 2 0 0 100 50 0 0 0 50 0 0 0 50 0 0  2
98762 (KJT732) 2 7 H -- KJT732 98762-7-2 6-5-1-1 50 0 0 0 0 0 0 0 50 0 0 0 0 0 0 1 0 0 100 50 0 0 0 50 0 0 0 50 0 0  2
98762 (KJT732) 2 7 H ++ KJT732 98762-7-2 6-5-1-1 50 0 0 0 0 0 0 0 50 0 0 0 0 0 0 1 0 0 100 50 0 0 0 50 0 0 0 50 0 0  2
98762 (KJT732) 2 7 H NS KJT732 98762-7-2 6-5-1-1 50 0 0 0 0 0 0 50 0 0 0 0 0 0 0 0 0 0 100 50 0 0 0 50 0 0 0 50 0 0  2
7 (KJT732) 98762 2 H EW KJT732 98762-7-2 6-5-1-1 0 0 0 0 0 0 0 0 0 100 0 0 0 0 0 2 50 0 50 50 0 0 0 0 50 0 0 50 0 50  2
7 (KJT732) 98762 2 H -- KJT732 98762-7-2 6-5-1-1 0 0 0 0 0 0 0 0 50 50 0 0 0 0 0 1.5 0 0 100 50 0 0 0 50 0 0 0 50 0 0  2
7 (KJT732) 98762 2 H ++ KJT732 98762-7-2 6-5-1-1 0 0 0 0 0 0 0 0 50 50 0 0 0 0 0 1.5 50 0 50 50 0 0 0 0 50 0 0 50 0 50  2
7 (KJT732) 98762 2 H NS KJT732 98762-7-2 6-5-1-1 0 0 0 0 0 0 0 50 0 50 0 0 0 0 0 1 0 0 100 50 0 0 0 50 0 0 0 50 0 0  2
2 (KJT732) 98762 7 H EW KJT732 98762-7-2 6-5-1-1 0 0 0 0 0 0 0 0 0 100 0 0 0 0 0 2 0 0 100 50 0 0 0 50 0 0 0 50 0 0  2
2 (KJT732) 98762 7 H -- KJT732 98762-7-2 6-5-1-1 0 0 0 0 0 0 0 0 50 50 0 0 0 0 0 1.5 0 0 100 50 0 50 0 0 0 0 0 0 50 0  2
2 (KJT732) 98762 7 H ++ KJT732 98762-7-2 6-5-1-1 0 0 0 0 0 0 0 0 50 50 0 0 0 0 0 1.5 0 0 100 50 0 0 0 50 0 0 0 50 0 0  2
2 (KJT732) 98762 7 H NS KJT732 98762-7-2 6-5-1-1 0 0 0 0 0 0 0 50 0 50 0 0 0 0 0 1 0 0 100 50 0 50 0 0 0 0 0 0 50 0  2
7 (KJT732) 2 98762 H EW KJT732 98762-7-2 6-5-1-1 0 0 0 0 0 0 0 0 0 100 0 0 0 0 0 2 50 0 50 50 0 0 0 0 50 0 0 50 0 50  2
7 (KJT732) 2 98762 H -- KJT732 98762-7-2 6-5-1-1 0 0 0 0 0 0 0 0 50 50 0 0 0 0 0 1.5 0 0 100 50 0 0 50 0 0 0 0 0 50 50  2
7 (KJT732) 2 98762 H ++ KJT732 98762-7-2 6-5-1-1 0 0 0 0 0 0 0 0 50 50 0 0 0 0 0 1.5 50 0 50 50 0 0 0 0 50 0 0 50 0 50  2
7 (KJT732) 2 98762 H NS KJT732 98762-7-2 6-5-1-1 0 0 0 0 0 0 0 50 0 50 0 0 0 0 0 1 0 0 100 50 0 0 50 0 0 0 0 0 50 50  2
2 (KJT732) 7 98762 H EW KJT732 98762-7-2 6-5-1-1 0 0 0 0 0 0 0 0 0 100 0 0 0 0 0 2 0 0 100 50 0 0 0 50 0 0 0 50 0 0  2
2 (KJT732) 7 98762 H -- KJT732 98762-7-2 6-5-1-1 0 0 0 0 0 0 0 0 50 50 0 0 0 0 0 1.5 0 0 100 50 0 50 0 0 0 0 0 0 50 0  2
2 (KJT732) 7 98762 H ++ KJT732 98762-7-2 6-5-1-1 0 0 0 0 0 0 0 0 50 50 0 0 0 0 0 1.5 0 0 100 50 0 0 0 50 0 0 0 50 0 0  2
2 (KJT732) 7 98762 H NS KJT732 98762-7-2 6-5-1-1 0 0 0 0 0 0 0 50 0 50 0 0 0 0 0 1 0 0 100 50 0 50 0 0 0 0 0 0 50 0  2
98762 7 (KJT732) 2 D EW KJT732 98762-7-2 6-5-1-1 50 0 0 0 0 0 0 0 0 50 0 0 0 0 0 2 0 0 100 50 0 0 0 50 0 0 0 50 0 0  2
98762 7 (KJT732) 2 D -- KJT732 98762-7-2 6-5-1-1 50 0 0 0 0 0 0 0 50 0 0 0 0 0 0 1 0 0 100 50 0 0 0 50 0 0 0 50 0 0  2
98762 7 (KJT732) 2 D ++ KJT732 98762-7-2 6-5-1-1 50 0 0 0 0 0 0 0 50 0 0 0 0 0 0 1 0 0 100 50 0 0 0 50 0 0 0 50 0 0  2
98762 7 (KJT732) 2 D NS KJT732 98762-7-2 6-5-1-1 50 0 0 0 0 0 0 50 0 0 0 0 0 0 0 0 0 0 100 50 0 0 0 50 0 0 0 50 0 0  2
98762 2 (KJT732) 7 D EW KJT732 98762-7-2 6-5-1-1 50 0 0 0 0 0 0 0 0 50 0 0 0 0 0 2 0 0 100 50 0 0 0 50 0 0 0 50 0 0  2
98762 2 (KJT732) 7 D -- KJT732 98762-7-2 6-5-1-1 50 0 0 0 0 0 0 0 50 0 0 0 0 0 0 1 0 0 100 50 0 0 0 50 0 0 0 50 0 0  2
98762 2 (KJT732) 7 D ++ KJT732 98762-7-2 6-5-1-1 50 0 0 0 0 0 0 0 50 0 0 0 0 0 0 1 0 0 100 50 0 0 0 50 0 0 0 50 0 0  2
98762 2 (KJT732) 7 D NS KJT732 98762-7-2 6-5-1-1 50 0 0 0 0 0 0 50 0 0 0 0 0 0 0 0 0 0 100 50 0 0 0 50 0 0 0 50 0 0  2
7 98762 (KJT732) 2 D EW KJT732 98762-7-2 6-5-1-1 50 0 0 0 0 0 0 0 0 50 0 0 0 0 0 2 0 0 100 50 0 0 0 50 0 0 0 50 0 0  2
7 98762 (KJT732) 2 D -- KJT732 98762-7-2 6-5-1-1 50 0 0 0 0 0 0 0 50 0 0 0 0 0 0 1 0 0 100 50 0 0 0 50 0 0 0 50 0 0  2
7 98762 (KJT732) 2 D ++ KJT732 98762-7-2 6-5-1-1 50 0 0 0 0 0 0 0 50 0 0 0 0 0 0 1 0 0 100 50 0 0 0 50 0 0 0 50 0 0  2
7 98762 (KJT732) 2 D NS KJT732 98762-7-2 6-5-1-1 50 0 0 0 0 0 0 50 0 0 0 0 0 0 0 0 0 0 100 50 0 0 0 50 0 0 0 50 0 0  2
2 98762 (KJT732) 7 D EW KJT732 98762-7-2 6-5-1-1 50 0 0 0 0 0 0 0 0 50 0 0 0 0 0 2 0 0 100 50 0 0 0 50 0 0 0 50 0 0  2
2 98762 (KJT732) 7 D -- KJT732 98762-7-2 6-5-1-1 50 0 0 0 0 0 0 0 50 0 0 0 0 0 0 1 0 0 100 50 0 50 0 0 0 0 0 0 50 0  2
2 98762 (KJT732) 7 D ++ KJT732 98762-7-2 6-5-1-1 50 0 0 0 0 0 0 0 50 0 0 0 0 0 0 1 0 0 100 50 0 0 0 50 0 0 0 50 0 0  2
2 98762 (KJT732) 7 D NS KJT732 98762-7-2 6-5-1-1 50 0 0 0 0 0 0 50 0 0 0 0 0 0 0 0 0 0 100 50 0 50 0 0 0 0 0 0 50 0  2
7 2 (KJT732) 98762 D EW KJT732 98762-7-2 6-5-1-1 50 0 0 0 0 0 0 0 0 50 0 0 0 0 0 2 0 0 100 50 0 0 0 50 0 0 0 50 0 0  2
7 2 (KJT732) 98762 D -- KJT732 98762-7-2 6-5-1-1 50 0 0 0 0 0 0 0 50 0 0 0 0 0 0 1 0 0 100 50 0 50 0 0 0 0 0 0 50 0  2
7 2 (KJT732) 98762 D ++ KJT732 98762-7-2 6-5-1-1 50 0 0 0 0 0 0 0 50 0 0 0 0 0 0 1 0 0 100 50 0 0 0 50 0 0 0 50 0 0  2
7 2 (KJT732) 98762 D NS KJT732 98762-7-2 6-5-1-1 50 0 0 0 0 0 0 50 0 0 0 0 0 0 0 0 0 0 100 50 0 50 0 0 0 0 0 0 50 0  2
2 7 (KJT732) 98762 D EW KJT732 98762-7-2 6-5-1-1 50 0 0 0 0 0 0 0 0 50 0 0 0 0 0 2 0 0 100 50 0 0 0 50 0 0 0 50 0 0  2
2 7 (KJT732) 98762 D -- KJT732 98762-7-2 6-5-1-1 50 0 0 0 0 0 0 0 50 0 0 0 0 0 0 1 0 0 100 50 0 50 0 0 0 0 0 0 50 0  2
2 7 (KJT732) 98762 D ++ KJT732 98762-7-2 6-5-1-1 50 0 0 0 0 0 0 0 50 0 0 0 0 0 0 1 0 0 100 50 0 0 0 50 0 0 0 50 0 0  2
2 7 (KJT732) 98762 D NS KJT732 98762-7-2 6-5-1-1 50 0 0 0 0 0 0 50 0 0 0 0 0 0 0 0 0 0 100 50 0 50 0 0 0 0 0 0 50 0  2
98762 7 2 (KJT732) C EW KJT732 98762-7-2 6-5-1-1 50 0 0 0 0 0 0 0 0 50 0 0 0 0 0 2 0 0 100 50 0 0 0 50 0 0 0 50 0 0  2
98762 7 2 (KJT732) C -- KJT732 98762-7-2 6-5-1-1 50 0 0 0 0 0 0 0 50 0 0 0 0 0 0 1 0 0 100 50 0 0 0 50 0 0 0 50 0 0  2
98762 7 2 (KJT732) C ++ KJT732 98762-7-2 6-5-1-1 50 0 0 0 0 0 0 0 50 0 0 0 0 0 0 1 0 0 100 50 0 0 0 50 0 0 0 50 0 0  2
98762 7 2 (KJT732) C NS KJT732 98762-7-2 6-5-1-1 50 0 0 0 0 0 0 50 0 0 0 0 0 0 0 0 0 0 100 50 0 0 0 50 0 0 0 50 0 0  2
98762 2 7 (KJT732) C EW KJT732 98762-7-2 6-5-1-1 50 0 0 0 0 0 0 0 0 50 0 0 0 0 0 2 0 0 100 50 0 0 0 50 0 0 0 50 0 0  2
98762 2 7 (KJT732) C -- KJT732 98762-7-2 6-5-1-1 50 0 0 0 0 0 0 0 50 0 0 0 0 0 0 1 0 0 100 50 0 0 0 50 0 0 0 50 0 0  2
98762 2 7 (KJT732) C ++ KJT732 98762-7-2 6-5-1-1 50 0 0 0 0 0 0 0 50 0 0 0 0 0 0 1 0 0 100 50 0 0 0 50 0 0 0 50 0 0  2
98762 2 7 (KJT732) C NS KJT732 98762-7-2 6-5-1-1 50 0 0 0 0 0 0 50 0 0 0 0 0 0 0 0 0 0 100 50 0 0 0 50 0 0 0 50 0 0  2
7 98762 2 (KJT732) C EW KJT732 98762-7-2 6-5-1-1 50 0 0 0 0 0 0 0 0 50 0 0 0 0 0 2 0 0 100 50 0 0 0 50 0 0 0 50 0 0  2
7 98762 2 (KJT732) C -- KJT732 98762-7-2 6-5-1-1 50 0 0 0 0 0 0 0 50 0 0 0 0 0 0 1 0 0 100 50 0 0 0 50 0 0 0 50 0 0  2
7 98762 2 (KJT732) C ++ KJT732 98762-7-2 6-5-1-1 50 0 0 0 0 0 0 0 50 0 0 0 0 0 0 1 0 0 100 50 0 0 0 50 0 0 0 50 0 0  2
7 98762 2 (KJT732) C NS KJT732 98762-7-2 6-5-1-1 50 0 0 0 0 0 0 50 0 0 0 0 0 0 0 0 0 0 100 50 0 0 0 50 0 0 0 50 0 0  2
2 98762 7 (KJT732) C EW KJT732 98762-7-2 6-5-1-1 50 0 0 0 0 0 0 0 0 50 0 0 0 0 0 2 0 0 100 50 0 0 0 50 0 0 0 50 0 0  2
2 98762 7 (KJT732) C -- KJT732 98762-7-2 6-5-1-1 50 0 0 0 0 0 0 0 50 0 0 0 0 0 0 1 0 0 100 50 0 50 0 0 0 0 0 0 50 0  2
2 98762 7 (KJT732) C ++ KJT732 98762-7-2 6-5-1-1 50 0 0 0 0 0 0 0 50 0 0 0 0 0 0 1 0 0 100 50 0 0 0 50 0 0 0 50 0 0  2
2 98762 7 (KJT732) C NS KJT732 98762-7-2 6-5-1-1 50 0 0 0 0 0 0 50 0 0 0 0 0 0 0 0 0 0 100 50 0 50 0 0 0 0 0 0 50 0  2
7 2 98762 (KJT732) C EW KJT732 98762-7-2 6-5-1-1 50 0 0 0 0 0 0 0 0 50 0 0 0 0 0 2 0 0 100 50 0 0 0 50 0 0 0 50 0 0  2
7 2 98762 (KJT732) C -- KJT732 98762-7-2 6-5-1-1 50 0 0 0 0 0 0 0 50 0 0 0 0 0 0 1 0 0 100 50 0 50 0 0 0 0 0 0 50 0  2
7 2 98762 (KJT732) C ++ KJT732 98762-7-2 6-5-1-1 50 0 0 0 0 0 0 0 50 0 0 0 0 0 0 1 0 0 100 50 0 0 0 50 0 0 0 50 0 0  2
7 2 98762 (KJT732) C NS KJT732 98762-7-2 6-5-1-1 50 0 0 0 0 0 0 50 0 0 0 0 0 0 0 0 0 0 100 50 0 50 0 0 0 0 0 0 50 0  2
2 7 98762 (KJT732) C EW KJT732 98762-7-2 6-5-1-1 50 0 0 0 0 0 0 0 0 50 0 0 0 0 0 2 0 0 100 50 0 0 0 50 0 0 0 50 0 0  2
2 7 98762 (KJT732) C -- KJT732 98762-7-2 6-5-1-1 50 0 0 0 0 0 0 0 50 0 0 0 0 0 0 1 0 0 100 50 0 50 0 0 0 0 0 0 50 0  2
2 7 98762 (KJT732) C ++ KJT732 98762-7-2 6-5-1-1 50 0 0 0 0 0 0 0 50 0 0 0 0 0 0 1 0 0 100 50 0 0 0 50 0 0 0 50 0 0  2
2 7 98762 (KJT732) C NS KJT732 98762-7-2 6-5-1-1 50 0 0 0 0 0 0 50 0 0 0 0 0 0 0 0 0 0 100 50 0 50 0 0 0 0 0 0 50 0  2
