S H D C Bid Vul Combo OtherCombo HandPattern NO -6 -5 -4 -3 -2 -1 0 1 2 3 4 5 6 7 avg ParPos ParNeg noPar b000 b001 b010 b011 b100 b101 b110 b111 b1xx bx1x bxx1  Cnt
(KT9853) 9864 J6 9 S EW KT9853 9864-J6-9 6-4-2-1 0 0 0 0 0 0 0 0 0 100 0 0 0 0 0 2 0 0 100 100 0 0 0 0 0 0 0 0 0 0  1
(KT9853) 9864 J6 9 S -- KT9853 9864-J6-9 6-4-2-1 0 0 0 0 0 0 0 0 0 100 0 0 0 0 0 2 0 0 100 100 0 0 0 0 0 0 0 0 0 0  1
(KT9853) 9864 J6 9 S ++ KT9853 9864-J6-9 6-4-2-1 0 0 0 0 0 0 0 0 100 0 0 0 0 0 0 1 0 0 100 100 0 0 0 0 0 0 0 0 0 0  1
(KT9853) 9864 J6 9 S NS KT9853 9864-J6-9 6-4-2-1 0 0 0 0 0 0 0 0 100 0 0 0 0 0 0 1 0 0 100 100 0 0 0 0 0 0 0 0 0 0  1
(KT9853) 9864 9 J6 S EW KT9853 9864-J6-9 6-4-2-1 0 0 0 0 0 0 0 0 0 100 0 0 0 0 0 2 0 0 100 100 0 0 0 0 0 0 0 0 0 0  1
(KT9853) 9864 9 J6 S -- KT9853 9864-J6-9 6-4-2-1 0 0 0 0 0 0 0 0 0 100 0 0 0 0 0 2 0 0 100 100 0 0 0 0 0 0 0 0 0 0  1
(KT9853) 9864 9 J6 S ++ KT9853 9864-J6-9 6-4-2-1 0 0 0 0 0 0 0 0 100 0 0 0 0 0 0 1 0 0 100 100 0 0 0 0 0 0 0 0 0 0  1
(KT9853) 9864 9 J6 S NS KT9853 9864-J6-9 6-4-2-1 0 0 0 0 0 0 0 0 100 0 0 0 0 0 0 1 0 0 100 100 0 0 0 0 0 0 0 0 0 0  1
(KT9853) J6 9864 9 S EW KT9853 9864-J6-9 6-4-2-1 0 0 0 0 0 0 0 0 0 0 0 100 0 0 0 4 0 100 0 0 0 0 0 0 0 0 100 100 100 100  1
(KT9853) J6 9864 9 S -- KT9853 9864-J6-9 6-4-2-1 0 0 0 0 0 0 0 0 0 0 100 0 0 0 0 3 0 0 100 0 100 0 0 0 0 0 0 0 0 100  1
(KT9853) J6 9864 9 S ++ KT9853 9864-J6-9 6-4-2-1 0 0 0 0 0 0 0 0 0 0 100 0 0 0 0 3 0 0 100 0 100 0 0 0 0 0 0 0 0 100  1
(KT9853) J6 9864 9 S NS KT9853 9864-J6-9 6-4-2-1 0 0 0 0 0 0 0 0 0 100 0 0 0 0 0 2 0 0 100 100 0 0 0 0 0 0 0 0 0 0  1
(KT9853) 9 9864 J6 S EW KT9853 9864-J6-9 6-4-2-1 0 0 0 0 0 0 0 0 0 100 0 0 0 0 0 2 0 0 100 0 100 0 0 0 0 0 0 0 0 100  1
(KT9853) 9 9864 J6 S -- KT9853 9864-J6-9 6-4-2-1 0 0 0 0 0 0 0 0 0 100 0 0 0 0 0 2 0 0 100 0 100 0 0 0 0 0 0 0 0 100  1
(KT9853) 9 9864 J6 S ++ KT9853 9864-J6-9 6-4-2-1 0 0 0 0 0 0 0 0 100 0 0 0 0 0 0 1 0 0 100 0 100 0 0 0 0 0 0 0 0 100  1
(KT9853) 9 9864 J6 S NS KT9853 9864-J6-9 6-4-2-1 0 0 0 0 0 0 0 0 100 0 0 0 0 0 0 1 0 0 100 0 100 0 0 0 0 0 0 0 0 100  1
(KT9853) J6 9 9864 S EW KT9853 9864-J6-9 6-4-2-1 0 0 0 0 0 0 0 0 0 0 0 100 0 0 0 4 0 100 0 0 0 0 0 0 0 0 100 100 100 100  1
(KT9853) J6 9 9864 S -- KT9853 9864-J6-9 6-4-2-1 0 0 0 0 0 0 0 0 0 0 100 0 0 0 0 3 0 0 100 0 100 0 0 0 0 0 0 0 0 100  1
(KT9853) J6 9 9864 S ++ KT9853 9864-J6-9 6-4-2-1 0 0 0 0 0 0 0 0 0 0 100 0 0 0 0 3 0 0 100 0 100 0 0 0 0 0 0 0 0 100  1
(KT9853) J6 9 9864 S NS KT9853 9864-J6-9 6-4-2-1 0 0 0 0 0 0 0 0 0 100 0 0 0 0 0 2 0 0 100 100 0 0 0 0 0 0 0 0 0 0  1
(KT9853) 9 J6 9864 S EW KT9853 9864-J6-9 6-4-2-1 0 0 0 0 0 0 0 0 0 100 0 0 0 0 0 2 0 0 100 0 100 0 0 0 0 0 0 0 0 100  1
(KT9853) 9 J6 9864 S -- KT9853 9864-J6-9 6-4-2-1 0 0 0 0 0 0 0 0 0 100 0 0 0 0 0 2 0 0 100 0 100 0 0 0 0 0 0 0 0 100  1
(KT9853) 9 J6 9864 S ++ KT9853 9864-J6-9 6-4-2-1 0 0 0 0 0 0 0 0 100 0 0 0 0 0 0 1 0 0 100 0 100 0 0 0 0 0 0 0 0 100  1
(KT9853) 9 J6 9864 S NS KT9853 9864-J6-9 6-4-2-1 0 0 0 0 0 0 0 0 100 0 0 0 0 0 0 1 0 0 100 0 100 0 0 0 0 0 0 0 0 100  1
9864 (KT9853) J6 9 H EW KT9853 9864-J6-9 6-4-2-1 0 0 0 0 0 0 0 0 0 100 0 0 0 0 0 2 0 0 100 100 0 0 0 0 0 0 0 0 0 0  1
9864 (KT9853) J6 9 H -- KT9853 9864-J6-9 6-4-2-1 0 0 0 0 0 0 0 0 0 100 0 0 0 0 0 2 0 0 100 100 0 0 0 0 0 0 0 0 0 0  1
9864 (KT9853) J6 9 H ++ KT9853 9864-J6-9 6-4-2-1 0 0 0 0 0 0 0 0 100 0 0 0 0 0 0 1 0 0 100 100 0 0 0 0 0 0 0 0 0 0  1
9864 (KT9853) J6 9 H NS KT9853 9864-J6-9 6-4-2-1 0 0 0 0 0 0 0 0 100 0 0 0 0 0 0 1 0 0 100 100 0 0 0 0 0 0 0 0 0 0  1
9864 (KT9853) 9 J6 H EW KT9853 9864-J6-9 6-4-2-1 0 0 0 0 0 0 0 0 0 100 0 0 0 0 0 2 0 0 100 100 0 0 0 0 0 0 0 0 0 0  1
9864 (KT9853) 9 J6 H -- KT9853 9864-J6-9 6-4-2-1 0 0 0 0 0 0 0 0 0 100 0 0 0 0 0 2 0 0 100 100 0 0 0 0 0 0 0 0 0 0  1
9864 (KT9853) 9 J6 H ++ KT9853 9864-J6-9 6-4-2-1 0 0 0 0 0 0 0 0 100 0 0 0 0 0 0 1 0 0 100 100 0 0 0 0 0 0 0 0 0 0  1
9864 (KT9853) 9 J6 H NS KT9853 9864-J6-9 6-4-2-1 0 0 0 0 0 0 0 0 100 0 0 0 0 0 0 1 0 0 100 100 0 0 0 0 0 0 0 0 0 0  1
J6 (KT9853) 9864 9 H EW KT9853 9864-J6-9 6-4-2-1 0 0 0 0 0 0 0 0 0 0 0 100 0 0 0 4 0 0 100 0 0 0 0 0 0 100 0 100 100 0  1
J6 (KT9853) 9864 9 H -- KT9853 9864-J6-9 6-4-2-1 0 0 0 0 0 0 0 0 0 0 100 0 0 0 0 3 0 0 100 100 0 0 0 0 0 0 0 0 0 0  1
J6 (KT9853) 9864 9 H ++ KT9853 9864-J6-9 6-4-2-1 0 0 0 0 0 0 0 0 0 0 100 0 0 0 0 3 0 0 100 100 0 0 0 0 0 0 0 0 0 0  1
J6 (KT9853) 9864 9 H NS KT9853 9864-J6-9 6-4-2-1 0 0 0 0 0 0 0 0 0 100 0 0 0 0 0 2 0 0 100 100 0 0 0 0 0 0 0 0 0 0  1
9 (KT9853) 9864 J6 H EW KT9853 9864-J6-9 6-4-2-1 0 0 0 0 0 0 0 0 0 100 0 0 0 0 0 2 0 0 100 100 0 0 0 0 0 0 0 0 0 0  1
9 (KT9853) 9864 J6 H -- KT9853 9864-J6-9 6-4-2-1 0 0 0 0 0 0 0 0 0 100 0 0 0 0 0 2 0 0 100 100 0 0 0 0 0 0 0 0 0 0  1
9 (KT9853) 9864 J6 H ++ KT9853 9864-J6-9 6-4-2-1 0 0 0 0 0 0 0 0 100 0 0 0 0 0 0 1 0 0 100 100 0 0 0 0 0 0 0 0 0 0  1
9 (KT9853) 9864 J6 H NS KT9853 9864-J6-9 6-4-2-1 0 0 0 0 0 0 0 0 100 0 0 0 0 0 0 1 0 0 100 100 0 0 0 0 0 0 0 0 0 0  1
J6 (KT9853) 9 9864 H EW KT9853 9864-J6-9 6-4-2-1 0 0 0 0 0 0 0 0 0 0 0 100 0 0 0 4 0 0 100 0 0 0 0 0 0 100 0 100 100 0  1
J6 (KT9853) 9 9864 H -- KT9853 9864-J6-9 6-4-2-1 0 0 0 0 0 0 0 0 0 0 100 0 0 0 0 3 0 0 100 100 0 0 0 0 0 0 0 0 0 0  1
J6 (KT9853) 9 9864 H ++ KT9853 9864-J6-9 6-4-2-1 0 0 0 0 0 0 0 0 0 0 100 0 0 0 0 3 0 0 100 100 0 0 0 0 0 0 0 0 0 0  1
J6 (KT9853) 9 9864 H NS KT9853 9864-J6-9 6-4-2-1 0 0 0 0 0 0 0 0 0 100 0 0 0 0 0 2 0 0 100 100 0 0 0 0 0 0 0 0 0 0  1
9 (KT9853) J6 9864 H EW KT9853 9864-J6-9 6-4-2-1 0 0 0 0 0 0 0 0 0 100 0 0 0 0 0 2 0 0 100 100 0 0 0 0 0 0 0 0 0 0  1
9 (KT9853) J6 9864 H -- KT9853 9864-J6-9 6-4-2-1 0 0 0 0 0 0 0 0 0 100 0 0 0 0 0 2 0 0 100 100 0 0 0 0 0 0 0 0 0 0  1
9 (KT9853) J6 9864 H ++ KT9853 9864-J6-9 6-4-2-1 0 0 0 0 0 0 0 0 100 0 0 0 0 0 0 1 0 0 100 100 0 0 0 0 0 0 0 0 0 0  1
9 (KT9853) J6 9864 H NS KT9853 9864-J6-9 6-4-2-1 0 0 0 0 0 0 0 0 100 0 0 0 0 0 0 1 0 0 100 100 0 0 0 0 0 0 0 0 0 0  1
9864 J6 (KT9853) 9 D EW KT9853 9864-J6-9 6-4-2-1 0 0 0 0 0 0 0 0 0 0 100 0 0 0 0 3 0 0 100 0 0 0 0 0 0 100 0 100 100 0  1
9864 J6 (KT9853) 9 D -- KT9853 9864-J6-9 6-4-2-1 0 0 0 0 0 0 0 0 0 0 100 0 0 0 0 3 0 0 100 0 0 0 0 0 0 100 0 100 100 0  1
9864 J6 (KT9853) 9 D ++ KT9853 9864-J6-9 6-4-2-1 0 0 0 0 0 0 0 0 0 0 100 0 0 0 0 3 0 0 100 0 0 0 0 0 0 100 0 100 100 0  1
9864 J6 (KT9853) 9 D NS KT9853 9864-J6-9 6-4-2-1 0 0 0 0 0 0 0 0 0 100 0 0 0 0 0 2 0 0 100 100 0 0 0 0 0 0 0 0 0 0  1
9864 9 (KT9853) J6 D EW KT9853 9864-J6-9 6-4-2-1 0 0 0 0 0 0 0 0 0 100 0 0 0 0 0 2 0 0 100 100 0 0 0 0 0 0 0 0 0 0  1
9864 9 (KT9853) J6 D -- KT9853 9864-J6-9 6-4-2-1 0 0 0 0 0 0 0 0 0 100 0 0 0 0 0 2 0 0 100 100 0 0 0 0 0 0 0 0 0 0  1
9864 9 (KT9853) J6 D ++ KT9853 9864-J6-9 6-4-2-1 0 0 0 0 0 0 0 0 100 0 0 0 0 0 0 1 0 0 100 100 0 0 0 0 0 0 0 0 0 0  1
9864 9 (KT9853) J6 D NS KT9853 9864-J6-9 6-4-2-1 0 0 0 0 0 0 0 0 100 0 0 0 0 0 0 1 0 0 100 100 0 0 0 0 0 0 0 0 0 0  1
J6 9864 (KT9853) 9 D EW KT9853 9864-J6-9 6-4-2-1 0 0 0 0 0 0 0 0 0 0 0 100 0 0 0 4 0 0 100 0 0 0 0 0 0 100 0 100 100 0  1
J6 9864 (KT9853) 9 D -- KT9853 9864-J6-9 6-4-2-1 0 0 0 0 0 0 0 0 0 0 100 0 0 0 0 3 0 0 100 100 0 0 0 0 0 0 0 0 0 0  1
J6 9864 (KT9853) 9 D ++ KT9853 9864-J6-9 6-4-2-1 0 0 0 0 0 0 0 0 0 0 100 0 0 0 0 3 0 0 100 100 0 0 0 0 0 0 0 0 0 0  1
J6 9864 (KT9853) 9 D NS KT9853 9864-J6-9 6-4-2-1 0 0 0 0 0 0 0 0 0 100 0 0 0 0 0 2 0 0 100 100 0 0 0 0 0 0 0 0 0 0  1
9 9864 (KT9853) J6 D EW KT9853 9864-J6-9 6-4-2-1 0 0 0 0 0 0 0 0 0 100 0 0 0 0 0 2 0 0 100 100 0 0 0 0 0 0 0 0 0 0  1
9 9864 (KT9853) J6 D -- KT9853 9864-J6-9 6-4-2-1 0 0 0 0 0 0 0 0 0 100 0 0 0 0 0 2 0 0 100 100 0 0 0 0 0 0 0 0 0 0  1
9 9864 (KT9853) J6 D ++ KT9853 9864-J6-9 6-4-2-1 0 0 0 0 0 0 0 0 100 0 0 0 0 0 0 1 0 0 100 100 0 0 0 0 0 0 0 0 0 0  1
9 9864 (KT9853) J6 D NS KT9853 9864-J6-9 6-4-2-1 0 0 0 0 0 0 0 0 100 0 0 0 0 0 0 1 0 0 100 100 0 0 0 0 0 0 0 0 0 0  1
J6 9 (KT9853) 9864 D EW KT9853 9864-J6-9 6-4-2-1 0 0 0 0 0 0 0 0 0 0 0 100 0 0 0 4 0 0 100 0 0 0 0 0 0 100 0 100 100 0  1
J6 9 (KT9853) 9864 D -- KT9853 9864-J6-9 6-4-2-1 0 0 0 0 0 0 0 0 0 0 100 0 0 0 0 3 0 0 100 100 0 0 0 0 0 0 0 0 0 0  1
J6 9 (KT9853) 9864 D ++ KT9853 9864-J6-9 6-4-2-1 0 0 0 0 0 0 0 0 0 0 100 0 0 0 0 3 0 0 100 100 0 0 0 0 0 0 0 0 0 0  1
J6 9 (KT9853) 9864 D NS KT9853 9864-J6-9 6-4-2-1 0 0 0 0 0 0 0 0 0 100 0 0 0 0 0 2 0 0 100 100 0 0 0 0 0 0 0 0 0 0  1
9 J6 (KT9853) 9864 D EW KT9853 9864-J6-9 6-4-2-1 0 0 0 0 0 0 0 0 0 0 0 100 0 0 0 4 0 0 100 0 0 0 0 0 0 100 0 100 100 0  1
9 J6 (KT9853) 9864 D -- KT9853 9864-J6-9 6-4-2-1 0 0 0 0 0 0 0 0 0 0 100 0 0 0 0 3 0 0 100 100 0 0 0 0 0 0 0 0 0 0  1
9 J6 (KT9853) 9864 D ++ KT9853 9864-J6-9 6-4-2-1 0 0 0 0 0 0 0 0 0 0 100 0 0 0 0 3 0 0 100 100 0 0 0 0 0 0 0 0 0 0  1
9 J6 (KT9853) 9864 D NS KT9853 9864-J6-9 6-4-2-1 0 0 0 0 0 0 0 0 0 100 0 0 0 0 0 2 0 0 100 100 0 0 0 0 0 0 0 0 0 0  1
9864 J6 9 (KT9853) C EW KT9853 9864-J6-9 6-4-2-1 0 0 0 0 0 0 0 0 0 0 100 0 0 0 0 3 0 0 100 0 0 0 0 0 0 100 0 100 100 0  1
9864 J6 9 (KT9853) C -- KT9853 9864-J6-9 6-4-2-1 0 0 0 0 0 0 0 0 0 0 100 0 0 0 0 3 0 0 100 0 0 0 0 0 0 100 0 100 100 0  1
9864 J6 9 (KT9853) C ++ KT9853 9864-J6-9 6-4-2-1 0 0 0 0 0 0 0 0 0 0 100 0 0 0 0 3 0 0 100 0 0 0 0 0 0 100 0 100 100 0  1
9864 J6 9 (KT9853) C NS KT9853 9864-J6-9 6-4-2-1 0 0 0 0 0 0 0 0 0 100 0 0 0 0 0 2 0 0 100 100 0 0 0 0 0 0 0 0 0 0  1
9864 9 J6 (KT9853) C EW KT9853 9864-J6-9 6-4-2-1 0 0 0 0 0 0 0 0 0 100 0 0 0 0 0 2 0 0 100 100 0 0 0 0 0 0 0 0 0 0  1
9864 9 J6 (KT9853) C -- KT9853 9864-J6-9 6-4-2-1 0 0 0 0 0 0 0 0 0 100 0 0 0 0 0 2 0 0 100 100 0 0 0 0 0 0 0 0 0 0  1
9864 9 J6 (KT9853) C ++ KT9853 9864-J6-9 6-4-2-1 0 0 0 0 0 0 0 0 100 0 0 0 0 0 0 1 0 0 100 100 0 0 0 0 0 0 0 0 0 0  1
9864 9 J6 (KT9853) C NS KT9853 9864-J6-9 6-4-2-1 0 0 0 0 0 0 0 0 100 0 0 0 0 0 0 1 0 0 100 100 0 0 0 0 0 0 0 0 0 0  1
J6 9864 9 (KT9853) C EW KT9853 9864-J6-9 6-4-2-1 0 0 0 0 0 0 0 0 0 0 0 100 0 0 0 4 0 0 100 0 0 0 0 0 0 100 0 100 100 0  1
J6 9864 9 (KT9853) C -- KT9853 9864-J6-9 6-4-2-1 0 0 0 0 0 0 0 0 0 0 100 0 0 0 0 3 0 0 100 100 0 0 0 0 0 0 0 0 0 0  1
J6 9864 9 (KT9853) C ++ KT9853 9864-J6-9 6-4-2-1 0 0 0 0 0 0 0 0 0 0 100 0 0 0 0 3 0 0 100 100 0 0 0 0 0 0 0 0 0 0  1
J6 9864 9 (KT9853) C NS KT9853 9864-J6-9 6-4-2-1 0 0 0 0 0 0 0 0 0 100 0 0 0 0 0 2 0 0 100 100 0 0 0 0 0 0 0 0 0 0  1
9 9864 J6 (KT9853) C EW KT9853 9864-J6-9 6-4-2-1 0 0 0 0 0 0 0 0 0 100 0 0 0 0 0 2 0 0 100 100 0 0 0 0 0 0 0 0 0 0  1
9 9864 J6 (KT9853) C -- KT9853 9864-J6-9 6-4-2-1 0 0 0 0 0 0 0 0 0 100 0 0 0 0 0 2 0 0 100 100 0 0 0 0 0 0 0 0 0 0  1
9 9864 J6 (KT9853) C ++ KT9853 9864-J6-9 6-4-2-1 0 0 0 0 0 0 0 0 100 0 0 0 0 0 0 1 0 0 100 100 0 0 0 0 0 0 0 0 0 0  1
9 9864 J6 (KT9853) C NS KT9853 9864-J6-9 6-4-2-1 0 0 0 0 0 0 0 0 100 0 0 0 0 0 0 1 0 0 100 100 0 0 0 0 0 0 0 0 0 0  1
J6 9 9864 (KT9853) C EW KT9853 9864-J6-9 6-4-2-1 0 0 0 0 0 0 0 0 0 0 0 100 0 0 0 4 0 0 100 0 0 0 0 0 0 100 0 100 100 0  1
J6 9 9864 (KT9853) C -- KT9853 9864-J6-9 6-4-2-1 0 0 0 0 0 0 0 0 0 0 100 0 0 0 0 3 0 0 100 100 0 0 0 0 0 0 0 0 0 0  1
J6 9 9864 (KT9853) C ++ KT9853 9864-J6-9 6-4-2-1 0 0 0 0 0 0 0 0 0 0 100 0 0 0 0 3 0 0 100 100 0 0 0 0 0 0 0 0 0 0  1
J6 9 9864 (KT9853) C NS KT9853 9864-J6-9 6-4-2-1 0 0 0 0 0 0 0 0 0 100 0 0 0 0 0 2 0 0 100 100 0 0 0 0 0 0 0 0 0 0  1
9 J6 9864 (KT9853) C EW KT9853 9864-J6-9 6-4-2-1 0 0 0 0 0 0 0 0 0 0 0 100 0 0 0 4 0 0 100 0 0 0 0 0 0 100 0 100 100 0  1
9 J6 9864 (KT9853) C -- KT9853 9864-J6-9 6-4-2-1 0 0 0 0 0 0 0 0 0 0 100 0 0 0 0 3 0 0 100 100 0 0 0 0 0 0 0 0 0 0  1
9 J6 9864 (KT9853) C ++ KT9853 9864-J6-9 6-4-2-1 0 0 0 0 0 0 0 0 0 0 100 0 0 0 0 3 0 0 100 100 0 0 0 0 0 0 0 0 0 0  1
9 J6 9864 (KT9853) C NS KT9853 9864-J6-9 6-4-2-1 0 0 0 0 0 0 0 0 0 100 0 0 0 0 0 2 0 0 100 100 0 0 0 0 0 0 0 0 0 0  1
(KT9853) T752 T7 3 S EW KT9853 T752-T7-3 6-4-2-1 0 0 0 0 0 0 0 0 0 0 0 0 100 0 0 5 0 0 100 100 0 0 0 0 0 0 0 0 0 0  1
(KT9853) T752 T7 3 S -- KT9853 T752-T7-3 6-4-2-1 0 0 0 0 0 0 0 0 0 0 100 0 0 0 0 3 0 0 100 100 0 0 0 0 0 0 0 0 0 0  1
(KT9853) T752 T7 3 S ++ KT9853 T752-T7-3 6-4-2-1 0 0 0 0 0 0 0 0 0 0 0 100 0 0 0 4 0 0 100 100 0 0 0 0 0 0 0 0 0 0  1
(KT9853) T752 T7 3 S NS KT9853 T752-T7-3 6-4-2-1 0 0 0 0 0 0 0 0 0 100 0 0 0 0 0 2 0 0 100 100 0 0 0 0 0 0 0 0 0 0  1
(KT9853) T752 3 T7 S EW KT9853 T752-T7-3 6-4-2-1 0 0 0 0 0 0 0 0 0 0 0 0 100 0 0 5 0 0 100 0 0 0 0 0 0 100 0 100 100 0  1
(KT9853) T752 3 T7 S -- KT9853 T752-T7-3 6-4-2-1 0 0 0 0 0 0 0 0 0 0 100 0 0 0 0 3 0 0 100 100 0 0 0 0 0 0 0 0 0 0  1
(KT9853) T752 3 T7 S ++ KT9853 T752-T7-3 6-4-2-1 0 0 0 0 0 0 0 0 0 0 0 100 0 0 0 4 0 0 100 100 0 0 0 0 0 0 0 0 0 0  1
(KT9853) T752 3 T7 S NS KT9853 T752-T7-3 6-4-2-1 0 0 0 0 0 0 0 0 0 100 0 0 0 0 0 2 0 0 100 100 0 0 0 0 0 0 0 0 0 0  1
(KT9853) T7 T752 3 S EW KT9853 T752-T7-3 6-4-2-1 0 0 0 0 0 0 0 0 0 0 0 0 100 0 0 5 0 0 100 100 0 0 0 0 0 0 0 0 0 0  1
(KT9853) T7 T752 3 S -- KT9853 T752-T7-3 6-4-2-1 0 0 0 0 0 0 0 0 0 0 100 0 0 0 0 3 0 0 100 100 0 0 0 0 0 0 0 0 0 0  1
(KT9853) T7 T752 3 S ++ KT9853 T752-T7-3 6-4-2-1 0 0 0 0 0 0 0 0 0 0 0 100 0 0 0 4 0 0 100 100 0 0 0 0 0 0 0 0 0 0  1
(KT9853) T7 T752 3 S NS KT9853 T752-T7-3 6-4-2-1 0 0 0 0 0 0 0 0 0 100 0 0 0 0 0 2 0 0 100 100 0 0 0 0 0 0 0 0 0 0  1
(KT9853) 3 T752 T7 S EW KT9853 T752-T7-3 6-4-2-1 0 0 0 0 0 0 0 0 0 0 0 0 100 0 0 5 0 0 100 0 0 0 0 0 0 100 0 100 100 0  1
(KT9853) 3 T752 T7 S -- KT9853 T752-T7-3 6-4-2-1 0 0 0 0 0 0 0 0 0 0 100 0 0 0 0 3 0 0 100 100 0 0 0 0 0 0 0 0 0 0  1
(KT9853) 3 T752 T7 S ++ KT9853 T752-T7-3 6-4-2-1 0 0 0 0 0 0 0 0 0 0 0 100 0 0 0 4 0 0 100 100 0 0 0 0 0 0 0 0 0 0  1
(KT9853) 3 T752 T7 S NS KT9853 T752-T7-3 6-4-2-1 0 0 0 0 0 0 0 0 0 100 0 0 0 0 0 2 0 0 100 100 0 0 0 0 0 0 0 0 0 0  1
(KT9853) T7 3 T752 S EW KT9853 T752-T7-3 6-4-2-1 0 0 0 0 0 0 0 0 0 0 0 0 100 0 0 5 0 0 100 100 0 0 0 0 0 0 0 0 0 0  1
(KT9853) T7 3 T752 S -- KT9853 T752-T7-3 6-4-2-1 0 0 0 0 0 0 0 0 0 0 100 0 0 0 0 3 0 0 100 100 0 0 0 0 0 0 0 0 0 0  1
(KT9853) T7 3 T752 S ++ KT9853 T752-T7-3 6-4-2-1 0 0 0 0 0 0 0 0 0 0 0 100 0 0 0 4 0 0 100 100 0 0 0 0 0 0 0 0 0 0  1
(KT9853) T7 3 T752 S NS KT9853 T752-T7-3 6-4-2-1 0 0 0 0 0 0 0 0 0 100 0 0 0 0 0 2 0 0 100 100 0 0 0 0 0 0 0 0 0 0  1
(KT9853) 3 T7 T752 S EW KT9853 T752-T7-3 6-4-2-1 0 0 0 0 0 0 0 0 0 0 0 0 100 0 0 5 0 0 100 0 0 0 0 0 0 100 0 100 100 0  1
(KT9853) 3 T7 T752 S -- KT9853 T752-T7-3 6-4-2-1 0 0 0 0 0 0 0 0 0 0 100 0 0 0 0 3 0 0 100 100 0 0 0 0 0 0 0 0 0 0  1
(KT9853) 3 T7 T752 S ++ KT9853 T752-T7-3 6-4-2-1 0 0 0 0 0 0 0 0 0 0 0 100 0 0 0 4 0 0 100 100 0 0 0 0 0 0 0 0 0 0  1
(KT9853) 3 T7 T752 S NS KT9853 T752-T7-3 6-4-2-1 0 0 0 0 0 0 0 0 0 100 0 0 0 0 0 2 0 0 100 100 0 0 0 0 0 0 0 0 0 0  1
T752 (KT9853) T7 3 H EW KT9853 T752-T7-3 6-4-2-1 0 0 0 0 0 0 0 0 0 0 0 0 100 0 0 5 0 0 100 100 0 0 0 0 0 0 0 0 0 0  1
T752 (KT9853) T7 3 H -- KT9853 T752-T7-3 6-4-2-1 0 0 0 0 0 0 0 0 0 0 100 0 0 0 0 3 0 0 100 100 0 0 0 0 0 0 0 0 0 0  1
T752 (KT9853) T7 3 H ++ KT9853 T752-T7-3 6-4-2-1 0 0 0 0 0 0 0 0 0 0 0 100 0 0 0 4 0 0 100 100 0 0 0 0 0 0 0 0 0 0  1
T752 (KT9853) T7 3 H NS KT9853 T752-T7-3 6-4-2-1 0 0 0 0 0 0 0 0 0 100 0 0 0 0 0 2 0 0 100 100 0 0 0 0 0 0 0 0 0 0  1
T752 (KT9853) 3 T7 H EW KT9853 T752-T7-3 6-4-2-1 0 0 0 0 0 0 0 0 0 0 0 0 100 0 0 5 0 0 100 0 0 0 0 0 0 100 0 100 100 0  1
T752 (KT9853) 3 T7 H -- KT9853 T752-T7-3 6-4-2-1 0 0 0 0 0 0 0 0 0 0 100 0 0 0 0 3 0 0 100 100 0 0 0 0 0 0 0 0 0 0  1
T752 (KT9853) 3 T7 H ++ KT9853 T752-T7-3 6-4-2-1 0 0 0 0 0 0 0 0 0 0 0 100 0 0 0 4 0 0 100 100 0 0 0 0 0 0 0 0 0 0  1
T752 (KT9853) 3 T7 H NS KT9853 T752-T7-3 6-4-2-1 0 0 0 0 0 0 0 0 0 100 0 0 0 0 0 2 0 0 100 100 0 0 0 0 0 0 0 0 0 0  1
T7 (KT9853) T752 3 H EW KT9853 T752-T7-3 6-4-2-1 0 0 0 0 0 0 0 0 0 0 0 0 100 0 0 5 0 0 100 100 0 0 0 0 0 0 0 0 0 0  1
T7 (KT9853) T752 3 H -- KT9853 T752-T7-3 6-4-2-1 0 0 0 0 0 0 0 0 0 0 100 0 0 0 0 3 0 0 100 100 0 0 0 0 0 0 0 0 0 0  1
T7 (KT9853) T752 3 H ++ KT9853 T752-T7-3 6-4-2-1 0 0 0 0 0 0 0 0 0 0 0 100 0 0 0 4 0 0 100 100 0 0 0 0 0 0 0 0 0 0  1
T7 (KT9853) T752 3 H NS KT9853 T752-T7-3 6-4-2-1 0 0 0 0 0 0 0 0 0 100 0 0 0 0 0 2 0 0 100 100 0 0 0 0 0 0 0 0 0 0  1
3 (KT9853) T752 T7 H EW KT9853 T752-T7-3 6-4-2-1 0 0 0 0 0 0 0 0 0 0 0 0 100 0 0 5 0 0 100 0 0 0 0 0 0 100 0 100 100 0  1
3 (KT9853) T752 T7 H -- KT9853 T752-T7-3 6-4-2-1 0 0 0 0 0 0 0 0 0 0 100 0 0 0 0 3 0 0 100 100 0 0 0 0 0 0 0 0 0 0  1
3 (KT9853) T752 T7 H ++ KT9853 T752-T7-3 6-4-2-1 0 0 0 0 0 0 0 0 0 0 0 100 0 0 0 4 0 0 100 100 0 0 0 0 0 0 0 0 0 0  1
3 (KT9853) T752 T7 H NS KT9853 T752-T7-3 6-4-2-1 0 0 0 0 0 0 0 0 0 100 0 0 0 0 0 2 0 0 100 100 0 0 0 0 0 0 0 0 0 0  1
T7 (KT9853) 3 T752 H EW KT9853 T752-T7-3 6-4-2-1 0 0 0 0 0 0 0 0 0 0 0 0 100 0 0 5 0 0 100 100 0 0 0 0 0 0 0 0 0 0  1
T7 (KT9853) 3 T752 H -- KT9853 T752-T7-3 6-4-2-1 0 0 0 0 0 0 0 0 0 0 100 0 0 0 0 3 0 0 100 100 0 0 0 0 0 0 0 0 0 0  1
T7 (KT9853) 3 T752 H ++ KT9853 T752-T7-3 6-4-2-1 0 0 0 0 0 0 0 0 0 0 0 100 0 0 0 4 0 0 100 100 0 0 0 0 0 0 0 0 0 0  1
T7 (KT9853) 3 T752 H NS KT9853 T752-T7-3 6-4-2-1 0 0 0 0 0 0 0 0 0 100 0 0 0 0 0 2 0 0 100 100 0 0 0 0 0 0 0 0 0 0  1
3 (KT9853) T7 T752 H EW KT9853 T752-T7-3 6-4-2-1 0 0 0 0 0 0 0 0 0 0 0 0 100 0 0 5 0 0 100 0 0 0 0 0 0 100 0 100 100 0  1
3 (KT9853) T7 T752 H -- KT9853 T752-T7-3 6-4-2-1 0 0 0 0 0 0 0 0 0 0 100 0 0 0 0 3 0 0 100 100 0 0 0 0 0 0 0 0 0 0  1
3 (KT9853) T7 T752 H ++ KT9853 T752-T7-3 6-4-2-1 0 0 0 0 0 0 0 0 0 0 0 100 0 0 0 4 0 0 100 100 0 0 0 0 0 0 0 0 0 0  1
3 (KT9853) T7 T752 H NS KT9853 T752-T7-3 6-4-2-1 0 0 0 0 0 0 0 0 0 100 0 0 0 0 0 2 0 0 100 100 0 0 0 0 0 0 0 0 0 0  1
T752 T7 (KT9853) 3 D EW KT9853 T752-T7-3 6-4-2-1 0 0 0 0 0 0 0 0 0 0 0 0 100 0 0 5 0 0 100 100 0 0 0 0 0 0 0 0 0 0  1
T752 T7 (KT9853) 3 D -- KT9853 T752-T7-3 6-4-2-1 0 0 0 0 0 0 0 0 0 0 100 0 0 0 0 3 0 0 100 100 0 0 0 0 0 0 0 0 0 0  1
T752 T7 (KT9853) 3 D ++ KT9853 T752-T7-3 6-4-2-1 0 0 0 0 0 0 0 0 0 0 0 100 0 0 0 4 0 0 100 100 0 0 0 0 0 0 0 0 0 0  1
T752 T7 (KT9853) 3 D NS KT9853 T752-T7-3 6-4-2-1 0 0 0 0 0 0 0 0 0 100 0 0 0 0 0 2 0 0 100 100 0 0 0 0 0 0 0 0 0 0  1
T752 3 (KT9853) T7 D EW KT9853 T752-T7-3 6-4-2-1 0 0 0 0 0 0 0 0 0 0 0 0 100 0 0 5 0 0 100 0 0 0 0 0 0 100 0 100 100 0  1
T752 3 (KT9853) T7 D -- KT9853 T752-T7-3 6-4-2-1 0 0 0 0 0 0 0 0 0 0 100 0 0 0 0 3 0 0 100 100 0 0 0 0 0 0 0 0 0 0  1
T752 3 (KT9853) T7 D ++ KT9853 T752-T7-3 6-4-2-1 0 0 0 0 0 0 0 0 0 0 0 100 0 0 0 4 0 0 100 100 0 0 0 0 0 0 0 0 0 0  1
T752 3 (KT9853) T7 D NS KT9853 T752-T7-3 6-4-2-1 0 0 0 0 0 0 0 0 0 100 0 0 0 0 0 2 0 0 100 100 0 0 0 0 0 0 0 0 0 0  1
T7 T752 (KT9853) 3 D EW KT9853 T752-T7-3 6-4-2-1 0 0 0 0 0 0 0 0 0 0 0 0 100 0 0 5 0 0 100 100 0 0 0 0 0 0 0 0 0 0  1
T7 T752 (KT9853) 3 D -- KT9853 T752-T7-3 6-4-2-1 0 0 0 0 0 0 0 0 0 0 100 0 0 0 0 3 0 0 100 100 0 0 0 0 0 0 0 0 0 0  1
T7 T752 (KT9853) 3 D ++ KT9853 T752-T7-3 6-4-2-1 0 0 0 0 0 0 0 0 0 0 0 100 0 0 0 4 0 0 100 100 0 0 0 0 0 0 0 0 0 0  1
T7 T752 (KT9853) 3 D NS KT9853 T752-T7-3 6-4-2-1 0 0 0 0 0 0 0 0 0 100 0 0 0 0 0 2 0 0 100 100 0 0 0 0 0 0 0 0 0 0  1
3 T752 (KT9853) T7 D EW KT9853 T752-T7-3 6-4-2-1 0 0 0 0 0 0 0 0 0 0 0 0 100 0 0 5 0 0 100 0 0 0 0 0 0 100 0 100 100 0  1
3 T752 (KT9853) T7 D -- KT9853 T752-T7-3 6-4-2-1 0 0 0 0 0 0 0 0 0 0 100 0 0 0 0 3 0 0 100 100 0 0 0 0 0 0 0 0 0 0  1
3 T752 (KT9853) T7 D ++ KT9853 T752-T7-3 6-4-2-1 0 0 0 0 0 0 0 0 0 0 0 100 0 0 0 4 0 0 100 100 0 0 0 0 0 0 0 0 0 0  1
3 T752 (KT9853) T7 D NS KT9853 T752-T7-3 6-4-2-1 0 0 0 0 0 0 0 0 0 100 0 0 0 0 0 2 0 0 100 100 0 0 0 0 0 0 0 0 0 0  1
T7 3 (KT9853) T752 D EW KT9853 T752-T7-3 6-4-2-1 0 0 0 0 0 0 0 0 0 0 0 0 100 0 0 5 0 0 100 100 0 0 0 0 0 0 0 0 0 0  1
T7 3 (KT9853) T752 D -- KT9853 T752-T7-3 6-4-2-1 0 0 0 0 0 0 0 0 0 0 100 0 0 0 0 3 0 0 100 100 0 0 0 0 0 0 0 0 0 0  1
T7 3 (KT9853) T752 D ++ KT9853 T752-T7-3 6-4-2-1 0 0 0 0 0 0 0 0 0 0 0 100 0 0 0 4 0 0 100 100 0 0 0 0 0 0 0 0 0 0  1
T7 3 (KT9853) T752 D NS KT9853 T752-T7-3 6-4-2-1 0 0 0 0 0 0 0 0 0 100 0 0 0 0 0 2 0 0 100 100 0 0 0 0 0 0 0 0 0 0  1
3 T7 (KT9853) T752 D EW KT9853 T752-T7-3 6-4-2-1 0 0 0 0 0 0 0 0 0 0 0 0 100 0 0 5 0 0 100 0 0 0 0 0 0 100 0 100 100 0  1
3 T7 (KT9853) T752 D -- KT9853 T752-T7-3 6-4-2-1 0 0 0 0 0 0 0 0 0 0 100 0 0 0 0 3 0 0 100 100 0 0 0 0 0 0 0 0 0 0  1
3 T7 (KT9853) T752 D ++ KT9853 T752-T7-3 6-4-2-1 0 0 0 0 0 0 0 0 0 0 0 100 0 0 0 4 0 0 100 100 0 0 0 0 0 0 0 0 0 0  1
3 T7 (KT9853) T752 D NS KT9853 T752-T7-3 6-4-2-1 0 0 0 0 0 0 0 0 0 100 0 0 0 0 0 2 0 0 100 100 0 0 0 0 0 0 0 0 0 0  1
T752 T7 3 (KT9853) C EW KT9853 T752-T7-3 6-4-2-1 0 0 0 0 0 0 0 0 0 0 0 0 100 0 0 5 0 0 100 100 0 0 0 0 0 0 0 0 0 0  1
T752 T7 3 (KT9853) C -- KT9853 T752-T7-3 6-4-2-1 0 0 0 0 0 0 0 0 0 0 100 0 0 0 0 3 0 0 100 100 0 0 0 0 0 0 0 0 0 0  1
T752 T7 3 (KT9853) C ++ KT9853 T752-T7-3 6-4-2-1 0 0 0 0 0 0 0 0 0 0 0 100 0 0 0 4 0 0 100 100 0 0 0 0 0 0 0 0 0 0  1
T752 T7 3 (KT9853) C NS KT9853 T752-T7-3 6-4-2-1 0 0 0 0 0 0 0 0 0 100 0 0 0 0 0 2 0 0 100 100 0 0 0 0 0 0 0 0 0 0  1
T752 3 T7 (KT9853) C EW KT9853 T752-T7-3 6-4-2-1 0 0 0 0 0 0 0 0 0 0 0 0 100 0 0 5 0 0 100 0 0 0 0 0 0 100 0 100 100 0  1
T752 3 T7 (KT9853) C -- KT9853 T752-T7-3 6-4-2-1 0 0 0 0 0 0 0 0 0 0 100 0 0 0 0 3 0 0 100 100 0 0 0 0 0 0 0 0 0 0  1
T752 3 T7 (KT9853) C ++ KT9853 T752-T7-3 6-4-2-1 0 0 0 0 0 0 0 0 0 0 0 100 0 0 0 4 0 0 100 100 0 0 0 0 0 0 0 0 0 0  1
T752 3 T7 (KT9853) C NS KT9853 T752-T7-3 6-4-2-1 0 0 0 0 0 0 0 0 0 100 0 0 0 0 0 2 0 0 100 100 0 0 0 0 0 0 0 0 0 0  1
T7 T752 3 (KT9853) C EW KT9853 T752-T7-3 6-4-2-1 0 0 0 0 0 0 0 0 0 0 0 0 100 0 0 5 0 0 100 100 0 0 0 0 0 0 0 0 0 0  1
T7 T752 3 (KT9853) C -- KT9853 T752-T7-3 6-4-2-1 0 0 0 0 0 0 0 0 0 0 100 0 0 0 0 3 0 0 100 100 0 0 0 0 0 0 0 0 0 0  1
T7 T752 3 (KT9853) C ++ KT9853 T752-T7-3 6-4-2-1 0 0 0 0 0 0 0 0 0 0 0 100 0 0 0 4 0 0 100 100 0 0 0 0 0 0 0 0 0 0  1
T7 T752 3 (KT9853) C NS KT9853 T752-T7-3 6-4-2-1 0 0 0 0 0 0 0 0 0 100 0 0 0 0 0 2 0 0 100 100 0 0 0 0 0 0 0 0 0 0  1
3 T752 T7 (KT9853) C EW KT9853 T752-T7-3 6-4-2-1 0 0 0 0 0 0 0 0 0 0 0 0 100 0 0 5 0 0 100 0 0 0 0 0 0 100 0 100 100 0  1
3 T752 T7 (KT9853) C -- KT9853 T752-T7-3 6-4-2-1 0 0 0 0 0 0 0 0 0 0 100 0 0 0 0 3 0 0 100 100 0 0 0 0 0 0 0 0 0 0  1
3 T752 T7 (KT9853) C ++ KT9853 T752-T7-3 6-4-2-1 0 0 0 0 0 0 0 0 0 0 0 100 0 0 0 4 0 0 100 100 0 0 0 0 0 0 0 0 0 0  1
3 T752 T7 (KT9853) C NS KT9853 T752-T7-3 6-4-2-1 0 0 0 0 0 0 0 0 0 100 0 0 0 0 0 2 0 0 100 100 0 0 0 0 0 0 0 0 0 0  1
T7 3 T752 (KT9853) C EW KT9853 T752-T7-3 6-4-2-1 0 0 0 0 0 0 0 0 0 0 0 0 100 0 0 5 0 0 100 100 0 0 0 0 0 0 0 0 0 0  1
T7 3 T752 (KT9853) C -- KT9853 T752-T7-3 6-4-2-1 0 0 0 0 0 0 0 0 0 0 100 0 0 0 0 3 0 0 100 100 0 0 0 0 0 0 0 0 0 0  1
T7 3 T752 (KT9853) C ++ KT9853 T752-T7-3 6-4-2-1 0 0 0 0 0 0 0 0 0 0 0 100 0 0 0 4 0 0 100 100 0 0 0 0 0 0 0 0 0 0  1
T7 3 T752 (KT9853) C NS KT9853 T752-T7-3 6-4-2-1 0 0 0 0 0 0 0 0 0 100 0 0 0 0 0 2 0 0 100 100 0 0 0 0 0 0 0 0 0 0  1
3 T7 T752 (KT9853) C EW KT9853 T752-T7-3 6-4-2-1 0 0 0 0 0 0 0 0 0 0 0 0 100 0 0 5 0 0 100 0 0 0 0 0 0 100 0 100 100 0  1
3 T7 T752 (KT9853) C -- KT9853 T752-T7-3 6-4-2-1 0 0 0 0 0 0 0 0 0 0 100 0 0 0 0 3 0 0 100 100 0 0 0 0 0 0 0 0 0 0  1
3 T7 T752 (KT9853) C ++ KT9853 T752-T7-3 6-4-2-1 0 0 0 0 0 0 0 0 0 0 0 100 0 0 0 4 0 0 100 100 0 0 0 0 0 0 0 0 0 0  1
3 T7 T752 (KT9853) C NS KT9853 T752-T7-3 6-4-2-1 0 0 0 0 0 0 0 0 0 100 0 0 0 0 0 2 0 0 100 100 0 0 0 0 0 0 0 0 0 0  1
(AQ7642) 9864 J6 9 S EW AQ7642 9864-J6-9 6-4-2-1 0 0 0 0 0 0 0 0 0 0 0 0 0 100 0 6 100 0 0 0 0 0 0 0 100 0 0 100 0 100  1
(AQ7642) 9864 J6 9 S -- AQ7642 9864-J6-9 6-4-2-1 0 0 0 0 0 0 0 0 0 0 0 0 0 100 0 6 100 0 0 0 0 0 0 0 100 0 0 100 0 100  1
(AQ7642) 9864 J6 9 S ++ AQ7642 9864-J6-9 6-4-2-1 0 0 0 0 0 0 0 0 0 0 0 0 0 100 0 6 100 0 0 0 0 0 0 0 100 0 0 100 0 100  1
(AQ7642) 9864 J6 9 S NS AQ7642 9864-J6-9 6-4-2-1 0 0 0 0 0 0 0 0 0 0 0 0 0 100 0 6 0 0 100 0 0 0 100 0 0 0 0 0 100 100  1
(AQ7642) 9864 9 J6 S EW AQ7642 9864-J6-9 6-4-2-1 0 0 0 0 0 0 0 0 0 0 0 0 0 100 0 6 100 0 0 0 0 0 0 0 100 0 0 100 0 100  1
(AQ7642) 9864 9 J6 S -- AQ7642 9864-J6-9 6-4-2-1 0 0 0 0 0 0 0 0 0 0 0 0 0 100 0 6 100 0 0 0 0 0 0 0 100 0 0 100 0 100  1
(AQ7642) 9864 9 J6 S ++ AQ7642 9864-J6-9 6-4-2-1 0 0 0 0 0 0 0 0 0 0 0 0 0 100 0 6 100 0 0 0 0 0 0 0 100 0 0 100 0 100  1
(AQ7642) 9864 9 J6 S NS AQ7642 9864-J6-9 6-4-2-1 0 0 0 0 0 0 0 0 0 0 0 0 0 100 0 6 0 0 100 0 0 0 100 0 0 0 0 0 100 100  1
(AQ7642) J6 9864 9 S EW AQ7642 9864-J6-9 6-4-2-1 0 0 0 0 0 0 0 0 0 0 0 0 0 100 0 6 100 0 0 0 0 0 0 0 100 0 0 100 0 100  1
(AQ7642) J6 9864 9 S -- AQ7642 9864-J6-9 6-4-2-1 0 0 0 0 0 0 0 0 0 0 0 0 0 100 0 6 100 0 0 0 0 0 0 0 100 0 0 100 0 100  1
(AQ7642) J6 9864 9 S ++ AQ7642 9864-J6-9 6-4-2-1 0 0 0 0 0 0 0 0 0 0 0 0 0 100 0 6 100 0 0 0 0 0 0 0 100 0 0 100 0 100  1
(AQ7642) J6 9864 9 S NS AQ7642 9864-J6-9 6-4-2-1 0 0 0 0 0 0 0 0 0 0 0 0 0 100 0 6 0 0 100 0 0 0 100 0 0 0 0 0 100 100  1
(AQ7642) 9 9864 J6 S EW AQ7642 9864-J6-9 6-4-2-1 0 0 0 0 0 0 0 0 0 0 0 0 0 100 0 6 100 0 0 0 0 0 0 0 100 0 0 100 0 100  1
(AQ7642) 9 9864 J6 S -- AQ7642 9864-J6-9 6-4-2-1 0 0 0 0 0 0 0 0 0 0 0 0 0 100 0 6 100 0 0 0 0 0 0 0 100 0 0 100 0 100  1
(AQ7642) 9 9864 J6 S ++ AQ7642 9864-J6-9 6-4-2-1 0 0 0 0 0 0 0 0 0 0 0 0 0 100 0 6 100 0 0 0 0 0 0 0 100 0 0 100 0 100  1
(AQ7642) 9 9864 J6 S NS AQ7642 9864-J6-9 6-4-2-1 0 0 0 0 0 0 0 0 0 0 0 0 0 100 0 6 0 0 100 0 0 0 100 0 0 0 0 0 100 100  1
(AQ7642) J6 9 9864 S EW AQ7642 9864-J6-9 6-4-2-1 0 0 0 0 0 0 0 0 0 0 0 0 0 100 0 6 100 0 0 0 0 0 0 0 100 0 0 100 0 100  1
(AQ7642) J6 9 9864 S -- AQ7642 9864-J6-9 6-4-2-1 0 0 0 0 0 0 0 0 0 0 0 0 0 100 0 6 100 0 0 0 0 0 0 0 100 0 0 100 0 100  1
(AQ7642) J6 9 9864 S ++ AQ7642 9864-J6-9 6-4-2-1 0 0 0 0 0 0 0 0 0 0 0 0 0 100 0 6 100 0 0 0 0 0 0 0 100 0 0 100 0 100  1
(AQ7642) J6 9 9864 S NS AQ7642 9864-J6-9 6-4-2-1 0 0 0 0 0 0 0 0 0 0 0 0 0 100 0 6 0 0 100 0 0 0 100 0 0 0 0 0 100 100  1
(AQ7642) 9 J6 9864 S EW AQ7642 9864-J6-9 6-4-2-1 0 0 0 0 0 0 0 0 0 0 0 0 0 100 0 6 100 0 0 0 0 0 0 0 100 0 0 100 0 100  1
(AQ7642) 9 J6 9864 S -- AQ7642 9864-J6-9 6-4-2-1 0 0 0 0 0 0 0 0 0 0 0 0 0 100 0 6 100 0 0 0 0 0 0 0 100 0 0 100 0 100  1
(AQ7642) 9 J6 9864 S ++ AQ7642 9864-J6-9 6-4-2-1 0 0 0 0 0 0 0 0 0 0 0 0 0 100 0 6 100 0 0 0 0 0 0 0 100 0 0 100 0 100  1
(AQ7642) 9 J6 9864 S NS AQ7642 9864-J6-9 6-4-2-1 0 0 0 0 0 0 0 0 0 0 0 0 0 100 0 6 0 0 100 0 0 0 100 0 0 0 0 0 100 100  1
9864 (AQ7642) J6 9 H EW AQ7642 9864-J6-9 6-4-2-1 0 0 0 0 0 0 0 0 0 0 0 0 0 100 0 6 100 0 0 0 0 0 0 0 100 0 0 100 0 100  1
9864 (AQ7642) J6 9 H -- AQ7642 9864-J6-9 6-4-2-1 0 0 0 0 0 0 0 0 0 0 0 0 0 100 0 6 100 0 0 0 0 0 0 0 100 0 0 100 0 100  1
9864 (AQ7642) J6 9 H ++ AQ7642 9864-J6-9 6-4-2-1 0 0 0 0 0 0 0 0 0 0 0 0 0 100 0 6 100 0 0 0 0 0 0 0 100 0 0 100 0 100  1
9864 (AQ7642) J6 9 H NS AQ7642 9864-J6-9 6-4-2-1 0 0 0 0 0 0 0 0 0 0 0 0 0 100 0 6 0 0 100 0 0 0 100 0 0 0 0 0 100 100  1
9864 (AQ7642) 9 J6 H EW AQ7642 9864-J6-9 6-4-2-1 0 0 0 0 0 0 0 0 0 0 0 0 0 100 0 6 100 0 0 0 0 0 0 0 100 0 0 100 0 100  1
9864 (AQ7642) 9 J6 H -- AQ7642 9864-J6-9 6-4-2-1 0 0 0 0 0 0 0 0 0 0 0 0 0 100 0 6 100 0 0 0 0 0 0 0 100 0 0 100 0 100  1
9864 (AQ7642) 9 J6 H ++ AQ7642 9864-J6-9 6-4-2-1 0 0 0 0 0 0 0 0 0 0 0 0 0 100 0 6 100 0 0 0 0 0 0 0 100 0 0 100 0 100  1
9864 (AQ7642) 9 J6 H NS AQ7642 9864-J6-9 6-4-2-1 0 0 0 0 0 0 0 0 0 0 0 0 0 100 0 6 0 0 100 0 0 0 100 0 0 0 0 0 100 100  1
J6 (AQ7642) 9864 9 H EW AQ7642 9864-J6-9 6-4-2-1 0 0 0 0 0 0 0 0 0 0 0 0 0 100 0 6 100 0 0 0 0 0 0 0 100 0 0 100 0 100  1
J6 (AQ7642) 9864 9 H -- AQ7642 9864-J6-9 6-4-2-1 0 0 0 0 0 0 0 0 0 0 0 0 0 100 0 6 100 0 0 0 0 0 0 0 100 0 0 100 0 100  1
J6 (AQ7642) 9864 9 H ++ AQ7642 9864-J6-9 6-4-2-1 0 0 0 0 0 0 0 0 0 0 0 0 0 100 0 6 0 0 100 0 0 0 100 0 0 0 0 0 100 100  1
J6 (AQ7642) 9864 9 H NS AQ7642 9864-J6-9 6-4-2-1 0 0 0 0 0 0 0 0 0 0 0 0 0 100 0 6 0 0 100 0 0 0 100 0 0 0 0 0 100 100  1
9 (AQ7642) 9864 J6 H EW AQ7642 9864-J6-9 6-4-2-1 0 0 0 0 0 0 0 0 0 0 0 0 0 100 0 6 100 0 0 0 0 0 0 0 100 0 0 100 0 100  1
9 (AQ7642) 9864 J6 H -- AQ7642 9864-J6-9 6-4-2-1 0 0 0 0 0 0 0 0 0 0 0 0 0 100 0 6 100 0 0 0 0 0 0 0 100 0 0 100 0 100  1
9 (AQ7642) 9864 J6 H ++ AQ7642 9864-J6-9 6-4-2-1 0 0 0 0 0 0 0 0 0 0 0 0 0 100 0 6 0 0 100 0 0 0 100 0 0 0 0 0 100 100  1
9 (AQ7642) 9864 J6 H NS AQ7642 9864-J6-9 6-4-2-1 0 0 0 0 0 0 0 0 0 0 0 0 0 100 0 6 0 0 100 0 0 0 100 0 0 0 0 0 100 100  1
J6 (AQ7642) 9 9864 H EW AQ7642 9864-J6-9 6-4-2-1 0 0 0 0 0 0 0 0 0 0 0 0 0 100 0 6 100 0 0 0 0 0 0 0 100 0 0 100 0 100  1
J6 (AQ7642) 9 9864 H -- AQ7642 9864-J6-9 6-4-2-1 0 0 0 0 0 0 0 0 0 0 0 0 0 100 0 6 100 0 0 0 0 0 0 0 100 0 0 100 0 100  1
J6 (AQ7642) 9 9864 H ++ AQ7642 9864-J6-9 6-4-2-1 0 0 0 0 0 0 0 0 0 0 0 0 0 100 0 6 0 0 100 0 0 0 100 0 0 0 0 0 100 100  1
J6 (AQ7642) 9 9864 H NS AQ7642 9864-J6-9 6-4-2-1 0 0 0 0 0 0 0 0 0 0 0 0 0 100 0 6 0 0 100 0 0 0 100 0 0 0 0 0 100 100  1
9 (AQ7642) J6 9864 H EW AQ7642 9864-J6-9 6-4-2-1 0 0 0 0 0 0 0 0 0 0 0 0 0 100 0 6 100 0 0 0 0 0 0 0 100 0 0 100 0 100  1
9 (AQ7642) J6 9864 H -- AQ7642 9864-J6-9 6-4-2-1 0 0 0 0 0 0 0 0 0 0 0 0 0 100 0 6 100 0 0 0 0 0 0 0 100 0 0 100 0 100  1
9 (AQ7642) J6 9864 H ++ AQ7642 9864-J6-9 6-4-2-1 0 0 0 0 0 0 0 0 0 0 0 0 0 100 0 6 0 0 100 0 0 0 100 0 0 0 0 0 100 100  1
9 (AQ7642) J6 9864 H NS AQ7642 9864-J6-9 6-4-2-1 0 0 0 0 0 0 0 0 0 0 0 0 0 100 0 6 0 0 100 0 0 0 100 0 0 0 0 0 100 100  1
9864 J6 (AQ7642) 9 D EW AQ7642 9864-J6-9 6-4-2-1 100 0 0 0 0 0 0 0 0 0 0 0 0 0 0 0 0 0 100 0 0 0 0 100 0 0 0 100 0 0  1
9864 J6 (AQ7642) 9 D -- AQ7642 9864-J6-9 6-4-2-1 100 0 0 0 0 0 0 0 0 0 0 0 0 0 0 0 0 0 100 0 0 0 0 100 0 0 0 100 0 0  1
9864 J6 (AQ7642) 9 D ++ AQ7642 9864-J6-9 6-4-2-1 100 0 0 0 0 0 0 0 0 0 0 0 0 0 0 0 0 0 100 0 0 0 0 100 0 0 0 100 0 0  1
9864 J6 (AQ7642) 9 D NS AQ7642 9864-J6-9 6-4-2-1 100 0 0 0 0 0 0 0 0 0 0 0 0 0 0 0 0 0 100 0 0 100 0 0 0 0 0 0 100 0  1
9864 9 (AQ7642) J6 D EW AQ7642 9864-J6-9 6-4-2-1 100 0 0 0 0 0 0 0 0 0 0 0 0 0 0 0 0 0 100 0 0 0 0 100 0 0 0 100 0 0  1
9864 9 (AQ7642) J6 D -- AQ7642 9864-J6-9 6-4-2-1 100 0 0 0 0 0 0 0 0 0 0 0 0 0 0 0 0 0 100 0 0 0 0 100 0 0 0 100 0 0  1
9864 9 (AQ7642) J6 D ++ AQ7642 9864-J6-9 6-4-2-1 100 0 0 0 0 0 0 0 0 0 0 0 0 0 0 0 0 0 100 0 0 0 0 100 0 0 0 100 0 0  1
9864 9 (AQ7642) J6 D NS AQ7642 9864-J6-9 6-4-2-1 100 0 0 0 0 0 0 0 0 0 0 0 0 0 0 0 0 0 100 0 0 100 0 0 0 0 0 0 100 0  1
J6 9864 (AQ7642) 9 D EW AQ7642 9864-J6-9 6-4-2-1 100 0 0 0 0 0 0 0 0 0 0 0 0 0 0 0 0 0 100 0 0 0 0 100 0 0 0 100 0 0  1
J6 9864 (AQ7642) 9 D -- AQ7642 9864-J6-9 6-4-2-1 100 0 0 0 0 0 0 0 0 0 0 0 0 0 0 0 0 0 100 0 0 0 0 100 0 0 0 100 0 0  1
J6 9864 (AQ7642) 9 D ++ AQ7642 9864-J6-9 6-4-2-1 100 0 0 0 0 0 0 0 0 0 0 0 0 0 0 0 0 0 100 0 0 100 0 0 0 0 0 0 100 0  1
J6 9864 (AQ7642) 9 D NS AQ7642 9864-J6-9 6-4-2-1 0 0 0 0 0 0 0 0 0 0 0 0 0 100 0 6 0 0 100 0 0 0 100 0 0 0 0 0 100 100  1
9 9864 (AQ7642) J6 D EW AQ7642 9864-J6-9 6-4-2-1 100 0 0 0 0 0 0 0 0 0 0 0 0 0 0 0 0 0 100 0 0 0 0 100 0 0 0 100 0 0  1
9 9864 (AQ7642) J6 D -- AQ7642 9864-J6-9 6-4-2-1 100 0 0 0 0 0 0 0 0 0 0 0 0 0 0 0 0 0 100 0 0 0 0 100 0 0 0 100 0 0  1
9 9864 (AQ7642) J6 D ++ AQ7642 9864-J6-9 6-4-2-1 100 0 0 0 0 0 0 0 0 0 0 0 0 0 0 0 0 0 100 0 0 100 0 0 0 0 0 0 100 0  1
9 9864 (AQ7642) J6 D NS AQ7642 9864-J6-9 6-4-2-1 0 0 0 0 0 0 0 0 0 0 0 0 0 100 0 6 0 0 100 0 0 0 100 0 0 0 0 0 100 100  1
J6 9 (AQ7642) 9864 D EW AQ7642 9864-J6-9 6-4-2-1 0 0 0 0 0 0 0 0 0 0 0 0 0 100 0 6 100 0 0 0 0 0 0 0 100 0 0 100 0 100  1
J6 9 (AQ7642) 9864 D -- AQ7642 9864-J6-9 6-4-2-1 0 0 0 0 0 0 0 0 0 0 0 0 0 100 0 6 100 0 0 0 0 0 0 0 100 0 0 100 0 100  1
J6 9 (AQ7642) 9864 D ++ AQ7642 9864-J6-9 6-4-2-1 0 0 0 0 0 0 0 0 0 0 0 0 0 100 0 6 100 0 0 0 0 0 0 0 100 0 0 100 0 100  1
J6 9 (AQ7642) 9864 D NS AQ7642 9864-J6-9 6-4-2-1 0 0 0 0 0 0 0 0 0 0 0 0 0 100 0 6 0 0 100 0 0 0 100 0 0 0 0 0 100 100  1
9 J6 (AQ7642) 9864 D EW AQ7642 9864-J6-9 6-4-2-1 0 0 0 0 0 0 0 0 0 0 0 0 0 100 0 6 100 0 0 0 0 0 0 0 100 0 0 100 0 100  1
9 J6 (AQ7642) 9864 D -- AQ7642 9864-J6-9 6-4-2-1 0 0 0 0 0 0 0 0 0 0 0 0 0 100 0 6 100 0 0 0 0 0 0 0 100 0 0 100 0 100  1
9 J6 (AQ7642) 9864 D ++ AQ7642 9864-J6-9 6-4-2-1 0 0 0 0 0 0 0 0 0 0 0 0 0 100 0 6 100 0 0 0 0 0 0 0 100 0 0 100 0 100  1
9 J6 (AQ7642) 9864 D NS AQ7642 9864-J6-9 6-4-2-1 0 0 0 0 0 0 0 0 0 0 0 0 0 100 0 6 0 0 100 0 0 0 100 0 0 0 0 0 100 100  1
9864 J6 9 (AQ7642) C EW AQ7642 9864-J6-9 6-4-2-1 100 0 0 0 0 0 0 0 0 0 0 0 0 0 0 0 0 0 100 0 0 0 0 100 0 0 0 100 0 0  1
9864 J6 9 (AQ7642) C -- AQ7642 9864-J6-9 6-4-2-1 100 0 0 0 0 0 0 0 0 0 0 0 0 0 0 0 0 0 100 0 0 0 0 100 0 0 0 100 0 0  1
9864 J6 9 (AQ7642) C ++ AQ7642 9864-J6-9 6-4-2-1 100 0 0 0 0 0 0 0 0 0 0 0 0 0 0 0 0 0 100 0 0 0 0 100 0 0 0 100 0 0  1
9864 J6 9 (AQ7642) C NS AQ7642 9864-J6-9 6-4-2-1 100 0 0 0 0 0 0 0 0 0 0 0 0 0 0 0 0 0 100 0 0 100 0 0 0 0 0 0 100 0  1
9864 9 J6 (AQ7642) C EW AQ7642 9864-J6-9 6-4-2-1 100 0 0 0 0 0 0 0 0 0 0 0 0 0 0 0 0 0 100 0 0 0 0 100 0 0 0 100 0 0  1
9864 9 J6 (AQ7642) C -- AQ7642 9864-J6-9 6-4-2-1 100 0 0 0 0 0 0 0 0 0 0 0 0 0 0 0 0 0 100 0 0 0 0 100 0 0 0 100 0 0  1
9864 9 J6 (AQ7642) C ++ AQ7642 9864-J6-9 6-4-2-1 100 0 0 0 0 0 0 0 0 0 0 0 0 0 0 0 0 0 100 0 0 0 0 100 0 0 0 100 0 0  1
9864 9 J6 (AQ7642) C NS AQ7642 9864-J6-9 6-4-2-1 100 0 0 0 0 0 0 0 0 0 0 0 0 0 0 0 0 0 100 0 0 100 0 0 0 0 0 0 100 0  1
J6 9864 9 (AQ7642) C EW AQ7642 9864-J6-9 6-4-2-1 100 0 0 0 0 0 0 0 0 0 0 0 0 0 0 0 0 0 100 0 0 0 0 100 0 0 0 100 0 0  1
J6 9864 9 (AQ7642) C -- AQ7642 9864-J6-9 6-4-2-1 100 0 0 0 0 0 0 0 0 0 0 0 0 0 0 0 0 0 100 0 0 0 0 100 0 0 0 100 0 0  1
J6 9864 9 (AQ7642) C ++ AQ7642 9864-J6-9 6-4-2-1 100 0 0 0 0 0 0 0 0 0 0 0 0 0 0 0 0 0 100 0 0 100 0 0 0 0 0 0 100 0  1
J6 9864 9 (AQ7642) C NS AQ7642 9864-J6-9 6-4-2-1 0 0 0 0 0 0 0 0 0 0 0 0 0 100 0 6 0 0 100 0 0 0 100 0 0 0 0 0 100 100  1
9 9864 J6 (AQ7642) C EW AQ7642 9864-J6-9 6-4-2-1 100 0 0 0 0 0 0 0 0 0 0 0 0 0 0 0 0 0 100 0 0 0 0 100 0 0 0 100 0 0  1
9 9864 J6 (AQ7642) C -- AQ7642 9864-J6-9 6-4-2-1 100 0 0 0 0 0 0 0 0 0 0 0 0 0 0 0 0 0 100 0 0 0 0 100 0 0 0 100 0 0  1
9 9864 J6 (AQ7642) C ++ AQ7642 9864-J6-9 6-4-2-1 100 0 0 0 0 0 0 0 0 0 0 0 0 0 0 0 0 0 100 0 0 100 0 0 0 0 0 0 100 0  1
9 9864 J6 (AQ7642) C NS AQ7642 9864-J6-9 6-4-2-1 0 0 0 0 0 0 0 0 0 0 0 0 0 100 0 6 0 0 100 0 0 0 100 0 0 0 0 0 100 100  1
J6 9 9864 (AQ7642) C EW AQ7642 9864-J6-9 6-4-2-1 0 0 0 0 0 0 0 0 0 0 0 0 0 100 0 6 100 0 0 0 0 0 0 0 100 0 0 100 0 100  1
J6 9 9864 (AQ7642) C -- AQ7642 9864-J6-9 6-4-2-1 0 0 0 0 0 0 0 0 0 0 0 0 0 100 0 6 100 0 0 0 0 0 0 0 100 0 0 100 0 100  1
J6 9 9864 (AQ7642) C ++ AQ7642 9864-J6-9 6-4-2-1 0 0 0 0 0 0 0 0 0 0 0 0 0 100 0 6 100 0 0 0 0 0 0 0 100 0 0 100 0 100  1
J6 9 9864 (AQ7642) C NS AQ7642 9864-J6-9 6-4-2-1 0 0 0 0 0 0 0 0 0 0 0 0 0 100 0 6 0 0 100 0 0 0 100 0 0 0 0 0 100 100  1
9 J6 9864 (AQ7642) C EW AQ7642 9864-J6-9 6-4-2-1 0 0 0 0 0 0 0 0 0 0 0 0 0 100 0 6 100 0 0 0 0 0 0 0 100 0 0 100 0 100  1
9 J6 9864 (AQ7642) C -- AQ7642 9864-J6-9 6-4-2-1 0 0 0 0 0 0 0 0 0 0 0 0 0 100 0 6 100 0 0 0 0 0 0 0 100 0 0 100 0 100  1
9 J6 9864 (AQ7642) C ++ AQ7642 9864-J6-9 6-4-2-1 0 0 0 0 0 0 0 0 0 0 0 0 0 100 0 6 100 0 0 0 0 0 0 0 100 0 0 100 0 100  1
9 J6 9864 (AQ7642) C NS AQ7642 9864-J6-9 6-4-2-1 0 0 0 0 0 0 0 0 0 0 0 0 0 100 0 6 0 0 100 0 0 0 100 0 0 0 0 0 100 100  1
(AQ7642) T752 T7 3 S EW AQ7642 T752-T7-3 6-4-2-1 100 0 0 0 0 0 0 0 0 0 0 0 0 0 0 0 0 0 100 0 0 0 0 100 0 0 0 100 0 0  1
(AQ7642) T752 T7 3 S -- AQ7642 T752-T7-3 6-4-2-1 100 0 0 0 0 0 0 0 0 0 0 0 0 0 0 0 0 0 100 0 0 0 0 100 0 0 0 100 0 0  1
(AQ7642) T752 T7 3 S ++ AQ7642 T752-T7-3 6-4-2-1 100 0 0 0 0 0 0 0 0 0 0 0 0 0 0 0 0 0 100 0 0 0 0 100 0 0 0 100 0 0  1
(AQ7642) T752 T7 3 S NS AQ7642 T752-T7-3 6-4-2-1 100 0 0 0 0 0 0 0 0 0 0 0 0 0 0 0 0 0 100 0 0 0 0 100 0 0 0 100 0 0  1
(AQ7642) T752 3 T7 S EW AQ7642 T752-T7-3 6-4-2-1 100 0 0 0 0 0 0 0 0 0 0 0 0 0 0 0 0 0 100 0 0 0 0 100 0 0 0 100 0 0  1
(AQ7642) T752 3 T7 S -- AQ7642 T752-T7-3 6-4-2-1 100 0 0 0 0 0 0 0 0 0 0 0 0 0 0 0 0 0 100 0 0 0 0 100 0 0 0 100 0 0  1
(AQ7642) T752 3 T7 S ++ AQ7642 T752-T7-3 6-4-2-1 100 0 0 0 0 0 0 0 0 0 0 0 0 0 0 0 0 0 100 0 0 0 0 100 0 0 0 100 0 0  1
(AQ7642) T752 3 T7 S NS AQ7642 T752-T7-3 6-4-2-1 100 0 0 0 0 0 0 0 0 0 0 0 0 0 0 0 0 0 100 0 0 0 0 100 0 0 0 100 0 0  1
(AQ7642) T7 T752 3 S EW AQ7642 T752-T7-3 6-4-2-1 100 0 0 0 0 0 0 0 0 0 0 0 0 0 0 0 0 0 100 0 0 0 0 100 0 0 0 100 0 0  1
(AQ7642) T7 T752 3 S -- AQ7642 T752-T7-3 6-4-2-1 100 0 0 0 0 0 0 0 0 0 0 0 0 0 0 0 0 0 100 0 0 0 0 100 0 0 0 100 0 0  1
(AQ7642) T7 T752 3 S ++ AQ7642 T752-T7-3 6-4-2-1 100 0 0 0 0 0 0 0 0 0 0 0 0 0 0 0 0 0 100 0 0 0 0 100 0 0 0 100 0 0  1
(AQ7642) T7 T752 3 S NS AQ7642 T752-T7-3 6-4-2-1 100 0 0 0 0 0 0 0 0 0 0 0 0 0 0 0 0 0 100 0 0 0 0 100 0 0 0 100 0 0  1
(AQ7642) 3 T752 T7 S EW AQ7642 T752-T7-3 6-4-2-1 100 0 0 0 0 0 0 0 0 0 0 0 0 0 0 0 0 0 100 0 0 0 0 100 0 0 0 100 0 0  1
(AQ7642) 3 T752 T7 S -- AQ7642 T752-T7-3 6-4-2-1 100 0 0 0 0 0 0 0 0 0 0 0 0 0 0 0 0 0 100 0 0 0 0 100 0 0 0 100 0 0  1
(AQ7642) 3 T752 T7 S ++ AQ7642 T752-T7-3 6-4-2-1 100 0 0 0 0 0 0 0 0 0 0 0 0 0 0 0 0 0 100 0 0 0 0 100 0 0 0 100 0 0  1
(AQ7642) 3 T752 T7 S NS AQ7642 T752-T7-3 6-4-2-1 100 0 0 0 0 0 0 0 0 0 0 0 0 0 0 0 0 0 100 0 0 0 0 100 0 0 0 100 0 0  1
(AQ7642) T7 3 T752 S EW AQ7642 T752-T7-3 6-4-2-1 100 0 0 0 0 0 0 0 0 0 0 0 0 0 0 0 0 0 100 0 0 0 0 100 0 0 0 100 0 0  1
(AQ7642) T7 3 T752 S -- AQ7642 T752-T7-3 6-4-2-1 100 0 0 0 0 0 0 0 0 0 0 0 0 0 0 0 0 0 100 0 0 0 0 100 0 0 0 100 0 0  1
(AQ7642) T7 3 T752 S ++ AQ7642 T752-T7-3 6-4-2-1 100 0 0 0 0 0 0 0 0 0 0 0 0 0 0 0 0 0 100 0 0 0 0 100 0 0 0 100 0 0  1
(AQ7642) T7 3 T752 S NS AQ7642 T752-T7-3 6-4-2-1 100 0 0 0 0 0 0 0 0 0 0 0 0 0 0 0 0 0 100 0 0 0 0 100 0 0 0 100 0 0  1
(AQ7642) 3 T7 T752 S EW AQ7642 T752-T7-3 6-4-2-1 100 0 0 0 0 0 0 0 0 0 0 0 0 0 0 0 0 0 100 0 0 0 0 100 0 0 0 100 0 0  1
(AQ7642) 3 T7 T752 S -- AQ7642 T752-T7-3 6-4-2-1 100 0 0 0 0 0 0 0 0 0 0 0 0 0 0 0 0 0 100 0 0 0 0 100 0 0 0 100 0 0  1
(AQ7642) 3 T7 T752 S ++ AQ7642 T752-T7-3 6-4-2-1 100 0 0 0 0 0 0 0 0 0 0 0 0 0 0 0 0 0 100 0 0 0 0 100 0 0 0 100 0 0  1
(AQ7642) 3 T7 T752 S NS AQ7642 T752-T7-3 6-4-2-1 100 0 0 0 0 0 0 0 0 0 0 0 0 0 0 0 0 0 100 0 0 0 0 100 0 0 0 100 0 0  1
T752 (AQ7642) T7 3 H EW AQ7642 T752-T7-3 6-4-2-1 100 0 0 0 0 0 0 0 0 0 0 0 0 0 0 0 0 0 100 0 0 0 0 100 0 0 0 100 0 0  1
T752 (AQ7642) T7 3 H -- AQ7642 T752-T7-3 6-4-2-1 100 0 0 0 0 0 0 0 0 0 0 0 0 0 0 0 0 0 100 0 0 0 0 100 0 0 0 100 0 0  1
T752 (AQ7642) T7 3 H ++ AQ7642 T752-T7-3 6-4-2-1 100 0 0 0 0 0 0 0 0 0 0 0 0 0 0 0 0 0 100 0 0 0 0 100 0 0 0 100 0 0  1
T752 (AQ7642) T7 3 H NS AQ7642 T752-T7-3 6-4-2-1 100 0 0 0 0 0 0 0 0 0 0 0 0 0 0 0 0 0 100 0 0 0 0 100 0 0 0 100 0 0  1
T752 (AQ7642) 3 T7 H EW AQ7642 T752-T7-3 6-4-2-1 100 0 0 0 0 0 0 0 0 0 0 0 0 0 0 0 0 0 100 0 0 0 0 100 0 0 0 100 0 0  1
T752 (AQ7642) 3 T7 H -- AQ7642 T752-T7-3 6-4-2-1 100 0 0 0 0 0 0 0 0 0 0 0 0 0 0 0 0 0 100 0 0 0 0 100 0 0 0 100 0 0  1
T752 (AQ7642) 3 T7 H ++ AQ7642 T752-T7-3 6-4-2-1 100 0 0 0 0 0 0 0 0 0 0 0 0 0 0 0 0 0 100 0 0 0 0 100 0 0 0 100 0 0  1
T752 (AQ7642) 3 T7 H NS AQ7642 T752-T7-3 6-4-2-1 100 0 0 0 0 0 0 0 0 0 0 0 0 0 0 0 0 0 100 0 0 0 0 100 0 0 0 100 0 0  1
T7 (AQ7642) T752 3 H EW AQ7642 T752-T7-3 6-4-2-1 100 0 0 0 0 0 0 0 0 0 0 0 0 0 0 0 0 0 100 0 0 0 0 100 0 0 0 100 0 0  1
T7 (AQ7642) T752 3 H -- AQ7642 T752-T7-3 6-4-2-1 100 0 0 0 0 0 0 0 0 0 0 0 0 0 0 0 0 0 100 0 0 0 0 100 0 0 0 100 0 0  1
T7 (AQ7642) T752 3 H ++ AQ7642 T752-T7-3 6-4-2-1 100 0 0 0 0 0 0 0 0 0 0 0 0 0 0 0 0 0 100 0 0 0 0 100 0 0 0 100 0 0  1
T7 (AQ7642) T752 3 H NS AQ7642 T752-T7-3 6-4-2-1 100 0 0 0 0 0 0 0 0 0 0 0 0 0 0 0 0 0 100 0 0 0 0 100 0 0 0 100 0 0  1
3 (AQ7642) T752 T7 H EW AQ7642 T752-T7-3 6-4-2-1 100 0 0 0 0 0 0 0 0 0 0 0 0 0 0 0 0 0 100 0 0 0 0 100 0 0 0 100 0 0  1
3 (AQ7642) T752 T7 H -- AQ7642 T752-T7-3 6-4-2-1 100 0 0 0 0 0 0 0 0 0 0 0 0 0 0 0 0 0 100 0 0 0 0 100 0 0 0 100 0 0  1
3 (AQ7642) T752 T7 H ++ AQ7642 T752-T7-3 6-4-2-1 100 0 0 0 0 0 0 0 0 0 0 0 0 0 0 0 0 0 100 0 0 0 0 100 0 0 0 100 0 0  1
3 (AQ7642) T752 T7 H NS AQ7642 T752-T7-3 6-4-2-1 100 0 0 0 0 0 0 0 0 0 0 0 0 0 0 0 0 0 100 0 0 0 0 100 0 0 0 100 0 0  1
T7 (AQ7642) 3 T752 H EW AQ7642 T752-T7-3 6-4-2-1 100 0 0 0 0 0 0 0 0 0 0 0 0 0 0 0 0 0 100 0 0 0 0 100 0 0 0 100 0 0  1
T7 (AQ7642) 3 T752 H -- AQ7642 T752-T7-3 6-4-2-1 100 0 0 0 0 0 0 0 0 0 0 0 0 0 0 0 0 0 100 0 0 0 0 100 0 0 0 100 0 0  1
T7 (AQ7642) 3 T752 H ++ AQ7642 T752-T7-3 6-4-2-1 100 0 0 0 0 0 0 0 0 0 0 0 0 0 0 0 0 0 100 0 0 0 0 100 0 0 0 100 0 0  1
T7 (AQ7642) 3 T752 H NS AQ7642 T752-T7-3 6-4-2-1 100 0 0 0 0 0 0 0 0 0 0 0 0 0 0 0 0 0 100 0 0 0 0 100 0 0 0 100 0 0  1
3 (AQ7642) T7 T752 H EW AQ7642 T752-T7-3 6-4-2-1 100 0 0 0 0 0 0 0 0 0 0 0 0 0 0 0 0 0 100 0 0 0 0 100 0 0 0 100 0 0  1
3 (AQ7642) T7 T752 H -- AQ7642 T752-T7-3 6-4-2-1 100 0 0 0 0 0 0 0 0 0 0 0 0 0 0 0 0 0 100 0 0 0 0 100 0 0 0 100 0 0  1
3 (AQ7642) T7 T752 H ++ AQ7642 T752-T7-3 6-4-2-1 100 0 0 0 0 0 0 0 0 0 0 0 0 0 0 0 0 0 100 0 0 0 0 100 0 0 0 100 0 0  1
3 (AQ7642) T7 T752 H NS AQ7642 T752-T7-3 6-4-2-1 100 0 0 0 0 0 0 0 0 0 0 0 0 0 0 0 0 0 100 0 0 0 0 100 0 0 0 100 0 0  1
T752 T7 (AQ7642) 3 D EW AQ7642 T752-T7-3 6-4-2-1 100 0 0 0 0 0 0 0 0 0 0 0 0 0 0 0 0 0 100 0 0 0 0 100 0 0 0 100 0 0  1
T752 T7 (AQ7642) 3 D -- AQ7642 T752-T7-3 6-4-2-1 100 0 0 0 0 0 0 0 0 0 0 0 0 0 0 0 0 0 100 0 0 0 0 100 0 0 0 100 0 0  1
T752 T7 (AQ7642) 3 D ++ AQ7642 T752-T7-3 6-4-2-1 100 0 0 0 0 0 0 0 0 0 0 0 0 0 0 0 0 0 100 0 0 0 0 100 0 0 0 100 0 0  1
T752 T7 (AQ7642) 3 D NS AQ7642 T752-T7-3 6-4-2-1 100 0 0 0 0 0 0 0 0 0 0 0 0 0 0 0 0 0 100 0 0 0 0 100 0 0 0 100 0 0  1
T752 3 (AQ7642) T7 D EW AQ7642 T752-T7-3 6-4-2-1 100 0 0 0 0 0 0 0 0 0 0 0 0 0 0 0 0 0 100 0 0 0 0 100 0 0 0 100 0 0  1
T752 3 (AQ7642) T7 D -- AQ7642 T752-T7-3 6-4-2-1 100 0 0 0 0 0 0 0 0 0 0 0 0 0 0 0 0 0 100 0 0 0 0 100 0 0 0 100 0 0  1
T752 3 (AQ7642) T7 D ++ AQ7642 T752-T7-3 6-4-2-1 100 0 0 0 0 0 0 0 0 0 0 0 0 0 0 0 0 0 100 0 0 0 0 100 0 0 0 100 0 0  1
T752 3 (AQ7642) T7 D NS AQ7642 T752-T7-3 6-4-2-1 100 0 0 0 0 0 0 0 0 0 0 0 0 0 0 0 0 0 100 0 0 0 0 100 0 0 0 100 0 0  1
T7 T752 (AQ7642) 3 D EW AQ7642 T752-T7-3 6-4-2-1 100 0 0 0 0 0 0 0 0 0 0 0 0 0 0 0 0 0 100 0 0 0 0 100 0 0 0 100 0 0  1
T7 T752 (AQ7642) 3 D -- AQ7642 T752-T7-3 6-4-2-1 100 0 0 0 0 0 0 0 0 0 0 0 0 0 0 0 0 0 100 0 0 0 0 100 0 0 0 100 0 0  1
T7 T752 (AQ7642) 3 D ++ AQ7642 T752-T7-3 6-4-2-1 100 0 0 0 0 0 0 0 0 0 0 0 0 0 0 0 0 0 100 0 0 0 0 100 0 0 0 100 0 0  1
T7 T752 (AQ7642) 3 D NS AQ7642 T752-T7-3 6-4-2-1 100 0 0 0 0 0 0 0 0 0 0 0 0 0 0 0 0 0 100 0 0 0 0 100 0 0 0 100 0 0  1
3 T752 (AQ7642) T7 D EW AQ7642 T752-T7-3 6-4-2-1 100 0 0 0 0 0 0 0 0 0 0 0 0 0 0 0 0 0 100 0 0 0 0 100 0 0 0 100 0 0  1
3 T752 (AQ7642) T7 D -- AQ7642 T752-T7-3 6-4-2-1 100 0 0 0 0 0 0 0 0 0 0 0 0 0 0 0 0 0 100 0 0 0 0 100 0 0 0 100 0 0  1
3 T752 (AQ7642) T7 D ++ AQ7642 T752-T7-3 6-4-2-1 100 0 0 0 0 0 0 0 0 0 0 0 0 0 0 0 0 0 100 0 0 0 0 100 0 0 0 100 0 0  1
3 T752 (AQ7642) T7 D NS AQ7642 T752-T7-3 6-4-2-1 100 0 0 0 0 0 0 0 0 0 0 0 0 0 0 0 0 0 100 0 0 0 0 100 0 0 0 100 0 0  1
T7 3 (AQ7642) T752 D EW AQ7642 T752-T7-3 6-4-2-1 100 0 0 0 0 0 0 0 0 0 0 0 0 0 0 0 0 0 100 0 0 0 0 100 0 0 0 100 0 0  1
T7 3 (AQ7642) T752 D -- AQ7642 T752-T7-3 6-4-2-1 100 0 0 0 0 0 0 0 0 0 0 0 0 0 0 0 0 0 100 0 0 0 0 100 0 0 0 100 0 0  1
T7 3 (AQ7642) T752 D ++ AQ7642 T752-T7-3 6-4-2-1 100 0 0 0 0 0 0 0 0 0 0 0 0 0 0 0 0 0 100 0 0 0 0 100 0 0 0 100 0 0  1
T7 3 (AQ7642) T752 D NS AQ7642 T752-T7-3 6-4-2-1 100 0 0 0 0 0 0 0 0 0 0 0 0 0 0 0 0 0 100 0 0 0 0 100 0 0 0 100 0 0  1
3 T7 (AQ7642) T752 D EW AQ7642 T752-T7-3 6-4-2-1 100 0 0 0 0 0 0 0 0 0 0 0 0 0 0 0 0 0 100 0 0 0 0 100 0 0 0 100 0 0  1
3 T7 (AQ7642) T752 D -- AQ7642 T752-T7-3 6-4-2-1 100 0 0 0 0 0 0 0 0 0 0 0 0 0 0 0 0 0 100 0 0 0 0 100 0 0 0 100 0 0  1
3 T7 (AQ7642) T752 D ++ AQ7642 T752-T7-3 6-4-2-1 100 0 0 0 0 0 0 0 0 0 0 0 0 0 0 0 0 0 100 0 0 0 0 100 0 0 0 100 0 0  1
3 T7 (AQ7642) T752 D NS AQ7642 T752-T7-3 6-4-2-1 100 0 0 0 0 0 0 0 0 0 0 0 0 0 0 0 0 0 100 0 0 0 0 100 0 0 0 100 0 0  1
T752 T7 3 (AQ7642) C EW AQ7642 T752-T7-3 6-4-2-1 100 0 0 0 0 0 0 0 0 0 0 0 0 0 0 0 0 0 100 0 0 0 0 100 0 0 0 100 0 0  1
T752 T7 3 (AQ7642) C -- AQ7642 T752-T7-3 6-4-2-1 100 0 0 0 0 0 0 0 0 0 0 0 0 0 0 0 0 0 100 0 0 0 0 100 0 0 0 100 0 0  1
T752 T7 3 (AQ7642) C ++ AQ7642 T752-T7-3 6-4-2-1 100 0 0 0 0 0 0 0 0 0 0 0 0 0 0 0 0 0 100 0 0 0 0 100 0 0 0 100 0 0  1
T752 T7 3 (AQ7642) C NS AQ7642 T752-T7-3 6-4-2-1 100 0 0 0 0 0 0 0 0 0 0 0 0 0 0 0 0 0 100 0 0 0 0 100 0 0 0 100 0 0  1
T752 3 T7 (AQ7642) C EW AQ7642 T752-T7-3 6-4-2-1 100 0 0 0 0 0 0 0 0 0 0 0 0 0 0 0 0 0 100 0 0 0 0 100 0 0 0 100 0 0  1
T752 3 T7 (AQ7642) C -- AQ7642 T752-T7-3 6-4-2-1 100 0 0 0 0 0 0 0 0 0 0 0 0 0 0 0 0 0 100 0 0 0 0 100 0 0 0 100 0 0  1
T752 3 T7 (AQ7642) C ++ AQ7642 T752-T7-3 6-4-2-1 100 0 0 0 0 0 0 0 0 0 0 0 0 0 0 0 0 0 100 0 0 0 0 100 0 0 0 100 0 0  1
T752 3 T7 (AQ7642) C NS AQ7642 T752-T7-3 6-4-2-1 100 0 0 0 0 0 0 0 0 0 0 0 0 0 0 0 0 0 100 0 0 0 0 100 0 0 0 100 0 0  1
T7 T752 3 (AQ7642) C EW AQ7642 T752-T7-3 6-4-2-1 100 0 0 0 0 0 0 0 0 0 0 0 0 0 0 0 0 0 100 0 0 0 0 100 0 0 0 100 0 0  1
T7 T752 3 (AQ7642) C -- AQ7642 T752-T7-3 6-4-2-1 100 0 0 0 0 0 0 0 0 0 0 0 0 0 0 0 0 0 100 0 0 0 0 100 0 0 0 100 0 0  1
T7 T752 3 (AQ7642) C ++ AQ7642 T752-T7-3 6-4-2-1 100 0 0 0 0 0 0 0 0 0 0 0 0 0 0 0 0 0 100 0 0 0 0 100 0 0 0 100 0 0  1
T7 T752 3 (AQ7642) C NS AQ7642 T752-T7-3 6-4-2-1 100 0 0 0 0 0 0 0 0 0 0 0 0 0 0 0 0 0 100 0 0 0 0 100 0 0 0 100 0 0  1
3 T752 T7 (AQ7642) C EW AQ7642 T752-T7-3 6-4-2-1 100 0 0 0 0 0 0 0 0 0 0 0 0 0 0 0 0 0 100 0 0 0 0 100 0 0 0 100 0 0  1
3 T752 T7 (AQ7642) C -- AQ7642 T752-T7-3 6-4-2-1 100 0 0 0 0 0 0 0 0 0 0 0 0 0 0 0 0 0 100 0 0 0 0 100 0 0 0 100 0 0  1
3 T752 T7 (AQ7642) C ++ AQ7642 T752-T7-3 6-4-2-1 100 0 0 0 0 0 0 0 0 0 0 0 0 0 0 0 0 0 100 0 0 0 0 100 0 0 0 100 0 0  1
3 T752 T7 (AQ7642) C NS AQ7642 T752-T7-3 6-4-2-1 100 0 0 0 0 0 0 0 0 0 0 0 0 0 0 0 0 0 100 0 0 0 0 100 0 0 0 100 0 0  1
T7 3 T752 (AQ7642) C EW AQ7642 T752-T7-3 6-4-2-1 100 0 0 0 0 0 0 0 0 0 0 0 0 0 0 0 0 0 100 0 0 0 0 100 0 0 0 100 0 0  1
T7 3 T752 (AQ7642) C -- AQ7642 T752-T7-3 6-4-2-1 100 0 0 0 0 0 0 0 0 0 0 0 0 0 0 0 0 0 100 0 0 0 0 100 0 0 0 100 0 0  1
T7 3 T752 (AQ7642) C ++ AQ7642 T752-T7-3 6-4-2-1 100 0 0 0 0 0 0 0 0 0 0 0 0 0 0 0 0 0 100 0 0 0 0 100 0 0 0 100 0 0  1
T7 3 T752 (AQ7642) C NS AQ7642 T752-T7-3 6-4-2-1 100 0 0 0 0 0 0 0 0 0 0 0 0 0 0 0 0 0 100 0 0 0 0 100 0 0 0 100 0 0  1
3 T7 T752 (AQ7642) C EW AQ7642 T752-T7-3 6-4-2-1 100 0 0 0 0 0 0 0 0 0 0 0 0 0 0 0 0 0 100 0 0 0 0 100 0 0 0 100 0 0  1
3 T7 T752 (AQ7642) C -- AQ7642 T752-T7-3 6-4-2-1 100 0 0 0 0 0 0 0 0 0 0 0 0 0 0 0 0 0 100 0 0 0 0 100 0 0 0 100 0 0  1
3 T7 T752 (AQ7642) C ++ AQ7642 T752-T7-3 6-4-2-1 100 0 0 0 0 0 0 0 0 0 0 0 0 0 0 0 0 0 100 0 0 0 0 100 0 0 0 100 0 0  1
3 T7 T752 (AQ7642) C NS AQ7642 T752-T7-3 6-4-2-1 100 0 0 0 0 0 0 0 0 0 0 0 0 0 0 0 0 0 100 0 0 0 0 100 0 0 0 100 0 0  1
