S H D C Bid Vul Combo OtherCombo HandPattern NO -6 -5 -4 -3 -2 -1 0 1 2 3 4 5 6 7 avg ParPos ParNeg noPar b000 b001 b010 b011 b100 b101 b110 b111 b1xx bx1x bxx1  Cnt
(AKT965) 9854 65 9 S EW AKT965 9854-65-9 6-4-2-1 0 0 0 0 0 0 0 0 0 0 0 100 0 0 0 4 50 50 0 0 0 0 0 0 50 0 50 100 50 100  2
(AKT965) 9854 65 9 S -- AKT965 9854-65-9 6-4-2-1 0 0 0 0 0 0 0 0 0 0 0 100 0 0 0 4 50 50 0 0 0 0 0 0 50 0 50 100 50 100  2
(AKT965) 9854 65 9 S ++ AKT965 9854-65-9 6-4-2-1 0 0 0 0 0 0 0 0 0 0 50 50 0 0 0 3.5 50 0 50 0 50 0 0 0 50 0 0 50 0 100  2
(AKT965) 9854 65 9 S NS AKT965 9854-65-9 6-4-2-1 0 0 0 0 0 0 0 0 0 0 50 50 0 0 0 3.5 0 0 100 0 50 0 50 0 0 0 0 0 50 100  2
(AKT965) 9854 9 65 S EW AKT965 9854-65-9 6-4-2-1 0 0 0 0 0 0 0 0 0 0 0 100 0 0 0 4 50 50 0 0 0 0 0 0 50 0 50 100 50 100  2
(AKT965) 9854 9 65 S -- AKT965 9854-65-9 6-4-2-1 0 0 0 0 0 0 0 0 0 0 0 100 0 0 0 4 50 50 0 0 0 0 0 0 50 0 50 100 50 100  2
(AKT965) 9854 9 65 S ++ AKT965 9854-65-9 6-4-2-1 0 0 0 0 0 0 0 0 0 0 50 50 0 0 0 3.5 50 0 50 0 50 0 0 0 50 0 0 50 0 100  2
(AKT965) 9854 9 65 S NS AKT965 9854-65-9 6-4-2-1 0 0 0 0 0 0 0 0 0 0 50 50 0 0 0 3.5 0 0 100 0 50 0 50 0 0 0 0 0 50 100  2
(AKT965) 65 9854 9 S EW AKT965 9854-65-9 6-4-2-1 0 0 0 0 0 0 0 0 0 0 0 100 0 0 0 4 50 50 0 0 0 0 0 0 50 0 50 100 50 100  2
(AKT965) 65 9854 9 S -- AKT965 9854-65-9 6-4-2-1 0 0 0 0 0 0 0 0 0 0 0 100 0 0 0 4 50 50 0 0 0 0 0 0 50 0 50 100 50 100  2
(AKT965) 65 9854 9 S ++ AKT965 9854-65-9 6-4-2-1 0 0 0 0 0 0 0 0 0 0 50 50 0 0 0 3.5 50 0 50 0 50 0 0 0 50 0 0 50 0 100  2
(AKT965) 65 9854 9 S NS AKT965 9854-65-9 6-4-2-1 0 0 0 0 0 0 0 0 0 0 50 50 0 0 0 3.5 0 0 100 0 50 0 50 0 0 0 0 0 50 100  2
(AKT965) 9 9854 65 S EW AKT965 9854-65-9 6-4-2-1 0 0 0 0 0 0 0 0 0 0 0 100 0 0 0 4 50 50 0 0 0 0 0 0 50 0 50 100 50 100  2
(AKT965) 9 9854 65 S -- AKT965 9854-65-9 6-4-2-1 0 0 0 0 0 0 0 0 0 0 0 100 0 0 0 4 50 50 0 0 0 0 0 0 50 0 50 100 50 100  2
(AKT965) 9 9854 65 S ++ AKT965 9854-65-9 6-4-2-1 0 0 0 0 0 0 0 0 0 0 0 100 0 0 0 4 50 50 0 0 0 0 0 0 50 0 50 100 50 100  2
(AKT965) 9 9854 65 S NS AKT965 9854-65-9 6-4-2-1 0 0 0 0 0 0 0 0 0 0 0 100 0 0 0 4 0 50 50 0 0 0 50 0 0 0 50 50 100 100  2
(AKT965) 65 9 9854 S EW AKT965 9854-65-9 6-4-2-1 0 0 0 0 0 0 0 0 0 0 0 100 0 0 0 4 50 50 0 0 0 0 0 0 50 0 50 100 50 100  2
(AKT965) 65 9 9854 S -- AKT965 9854-65-9 6-4-2-1 0 0 0 0 0 0 0 0 0 0 0 100 0 0 0 4 50 50 0 0 0 0 0 0 50 0 50 100 50 100  2
(AKT965) 65 9 9854 S ++ AKT965 9854-65-9 6-4-2-1 0 0 0 0 0 0 0 0 0 0 50 50 0 0 0 3.5 50 0 50 0 50 0 0 0 50 0 0 50 0 100  2
(AKT965) 65 9 9854 S NS AKT965 9854-65-9 6-4-2-1 0 0 0 0 0 0 0 0 0 0 50 50 0 0 0 3.5 0 0 100 0 50 0 50 0 0 0 0 0 50 100  2
(AKT965) 9 65 9854 S EW AKT965 9854-65-9 6-4-2-1 0 0 0 0 0 0 0 0 0 0 0 100 0 0 0 4 50 50 0 0 0 0 0 0 50 0 50 100 50 100  2
(AKT965) 9 65 9854 S -- AKT965 9854-65-9 6-4-2-1 0 0 0 0 0 0 0 0 0 0 0 100 0 0 0 4 50 50 0 0 0 0 0 0 50 0 50 100 50 100  2
(AKT965) 9 65 9854 S ++ AKT965 9854-65-9 6-4-2-1 0 0 0 0 0 0 0 0 0 0 0 100 0 0 0 4 50 50 0 0 0 0 0 0 50 0 50 100 50 100  2
(AKT965) 9 65 9854 S NS AKT965 9854-65-9 6-4-2-1 0 0 0 0 0 0 0 0 0 0 0 100 0 0 0 4 0 50 50 0 0 0 50 0 0 0 50 50 100 100  2
9854 (AKT965) 65 9 H EW AKT965 9854-65-9 6-4-2-1 0 0 0 0 0 0 0 0 0 0 0 100 0 0 0 4 50 50 0 0 0 0 0 0 50 0 50 100 50 100  2
9854 (AKT965) 65 9 H -- AKT965 9854-65-9 6-4-2-1 0 0 0 0 0 0 0 0 0 0 0 100 0 0 0 4 50 50 0 0 0 0 0 0 50 0 50 100 50 100  2
9854 (AKT965) 65 9 H ++ AKT965 9854-65-9 6-4-2-1 0 0 0 0 0 0 0 0 0 0 50 50 0 0 0 3.5 50 0 50 0 50 0 0 0 50 0 0 50 0 100  2
9854 (AKT965) 65 9 H NS AKT965 9854-65-9 6-4-2-1 0 0 0 0 0 0 0 0 0 0 50 50 0 0 0 3.5 0 0 100 0 50 0 50 0 0 0 0 0 50 100  2
9854 (AKT965) 9 65 H EW AKT965 9854-65-9 6-4-2-1 0 0 0 0 0 0 0 0 0 0 0 100 0 0 0 4 50 50 0 0 0 0 0 0 50 0 50 100 50 100  2
9854 (AKT965) 9 65 H -- AKT965 9854-65-9 6-4-2-1 0 0 0 0 0 0 0 0 0 0 0 100 0 0 0 4 50 50 0 0 0 0 0 0 50 0 50 100 50 100  2
9854 (AKT965) 9 65 H ++ AKT965 9854-65-9 6-4-2-1 0 0 0 0 0 0 0 0 0 0 50 50 0 0 0 3.5 50 0 50 0 50 0 0 0 50 0 0 50 0 100  2
9854 (AKT965) 9 65 H NS AKT965 9854-65-9 6-4-2-1 0 0 0 0 0 0 0 0 0 0 50 50 0 0 0 3.5 0 0 100 0 50 0 50 0 0 0 0 0 50 100  2
65 (AKT965) 9854 9 H EW AKT965 9854-65-9 6-4-2-1 0 0 0 0 0 0 0 0 0 0 0 100 0 0 0 4 50 50 0 0 0 0 0 0 50 0 50 100 50 100  2
65 (AKT965) 9854 9 H -- AKT965 9854-65-9 6-4-2-1 0 0 0 0 0 0 0 0 0 0 0 100 0 0 0 4 50 50 0 0 0 0 0 0 50 0 50 100 50 100  2
65 (AKT965) 9854 9 H ++ AKT965 9854-65-9 6-4-2-1 0 0 0 0 0 0 0 0 0 0 50 50 0 0 0 3.5 50 0 50 0 50 0 0 0 50 0 0 50 0 100  2
65 (AKT965) 9854 9 H NS AKT965 9854-65-9 6-4-2-1 0 0 0 0 0 0 0 0 0 0 50 50 0 0 0 3.5 0 0 100 0 50 0 50 0 0 0 0 0 50 100  2
9 (AKT965) 9854 65 H EW AKT965 9854-65-9 6-4-2-1 0 0 0 0 0 0 0 0 0 0 0 50 50 0 0 4.5 50 50 0 0 0 0 0 0 50 0 50 100 50 100  2
9 (AKT965) 9854 65 H -- AKT965 9854-65-9 6-4-2-1 0 0 0 0 0 0 0 0 0 0 0 50 50 0 0 4.5 0 50 50 0 0 0 50 0 0 0 50 50 100 100  2
9 (AKT965) 9854 65 H ++ AKT965 9854-65-9 6-4-2-1 0 0 0 0 0 0 0 0 0 0 0 50 50 0 0 4.5 0 50 50 0 0 0 50 0 0 0 50 50 100 100  2
9 (AKT965) 9854 65 H NS AKT965 9854-65-9 6-4-2-1 0 0 0 0 0 0 0 0 0 0 0 100 0 0 0 4 0 0 100 0 50 0 50 0 0 0 0 0 50 100  2
65 (AKT965) 9 9854 H EW AKT965 9854-65-9 6-4-2-1 0 0 0 0 0 0 0 0 0 0 0 100 0 0 0 4 50 50 0 0 0 0 0 0 50 0 50 100 50 100  2
65 (AKT965) 9 9854 H -- AKT965 9854-65-9 6-4-2-1 0 0 0 0 0 0 0 0 0 0 0 100 0 0 0 4 50 50 0 0 0 0 0 0 50 0 50 100 50 100  2
65 (AKT965) 9 9854 H ++ AKT965 9854-65-9 6-4-2-1 0 0 0 0 0 0 0 0 0 0 50 50 0 0 0 3.5 50 0 50 0 50 0 0 0 50 0 0 50 0 100  2
65 (AKT965) 9 9854 H NS AKT965 9854-65-9 6-4-2-1 0 0 0 0 0 0 0 0 0 0 50 50 0 0 0 3.5 0 0 100 0 50 0 50 0 0 0 0 0 50 100  2
9 (AKT965) 65 9854 H EW AKT965 9854-65-9 6-4-2-1 0 0 0 0 0 0 0 0 0 0 0 50 50 0 0 4.5 50 50 0 0 0 0 0 0 50 0 50 100 50 100  2
9 (AKT965) 65 9854 H -- AKT965 9854-65-9 6-4-2-1 0 0 0 0 0 0 0 0 0 0 0 50 50 0 0 4.5 0 50 50 0 0 0 50 0 0 0 50 50 100 100  2
9 (AKT965) 65 9854 H ++ AKT965 9854-65-9 6-4-2-1 0 0 0 0 0 0 0 0 0 0 0 50 50 0 0 4.5 0 50 50 0 0 0 50 0 0 0 50 50 100 100  2
9 (AKT965) 65 9854 H NS AKT965 9854-65-9 6-4-2-1 0 0 0 0 0 0 0 0 0 0 0 100 0 0 0 4 0 0 100 0 50 0 50 0 0 0 0 0 50 100  2
9854 65 (AKT965) 9 D EW AKT965 9854-65-9 6-4-2-1 50 0 0 0 0 0 0 0 0 0 0 50 0 0 0 4 0 50 50 0 0 0 0 50 0 0 50 100 50 50  2
9854 65 (AKT965) 9 D -- AKT965 9854-65-9 6-4-2-1 50 0 0 0 0 0 0 0 0 0 0 50 0 0 0 4 0 50 50 0 0 0 0 50 0 0 50 100 50 50  2
9854 65 (AKT965) 9 D ++ AKT965 9854-65-9 6-4-2-1 50 0 0 0 0 0 0 0 0 0 50 0 0 0 0 3 0 0 100 0 50 0 0 50 0 0 0 50 0 50  2
9854 65 (AKT965) 9 D NS AKT965 9854-65-9 6-4-2-1 50 0 0 0 0 0 0 0 0 0 50 0 0 0 0 3 0 0 100 0 50 50 0 0 0 0 0 0 50 50  2
9854 9 (AKT965) 65 D EW AKT965 9854-65-9 6-4-2-1 50 0 0 0 0 0 0 0 0 0 0 0 50 0 0 5 0 50 50 0 0 0 0 50 0 0 50 100 50 50  2
9854 9 (AKT965) 65 D -- AKT965 9854-65-9 6-4-2-1 50 0 0 0 0 0 0 0 0 0 0 0 50 0 0 5 0 50 50 0 0 0 0 50 0 0 50 100 50 50  2
9854 9 (AKT965) 65 D ++ AKT965 9854-65-9 6-4-2-1 50 0 0 0 0 0 0 0 0 0 0 0 50 0 0 5 0 50 50 0 0 0 0 50 0 0 50 100 50 50  2
9854 9 (AKT965) 65 D NS AKT965 9854-65-9 6-4-2-1 50 0 0 0 0 0 0 0 0 0 0 50 0 0 0 4 0 0 100 0 50 50 0 0 0 0 0 0 50 50  2
65 9854 (AKT965) 9 D EW AKT965 9854-65-9 6-4-2-1 50 0 0 0 0 0 0 0 0 0 0 50 0 0 0 4 0 50 50 0 0 0 0 50 0 0 50 100 50 50  2
65 9854 (AKT965) 9 D -- AKT965 9854-65-9 6-4-2-1 50 0 0 0 0 0 0 0 0 0 0 50 0 0 0 4 0 50 50 0 0 0 0 50 0 0 50 100 50 50  2
65 9854 (AKT965) 9 D ++ AKT965 9854-65-9 6-4-2-1 50 0 0 0 0 0 0 0 0 0 50 0 0 0 0 3 0 0 100 0 50 0 0 50 0 0 0 50 0 50  2
65 9854 (AKT965) 9 D NS AKT965 9854-65-9 6-4-2-1 50 0 0 0 0 0 0 0 0 0 50 0 0 0 0 3 0 0 100 0 50 50 0 0 0 0 0 0 50 50  2
9 9854 (AKT965) 65 D EW AKT965 9854-65-9 6-4-2-1 50 0 0 0 0 0 0 0 0 0 0 0 50 0 0 5 0 50 50 0 0 0 0 50 0 0 50 100 50 50  2
9 9854 (AKT965) 65 D -- AKT965 9854-65-9 6-4-2-1 50 0 0 0 0 0 0 0 0 0 0 0 50 0 0 5 0 50 50 0 0 50 0 0 0 0 50 50 100 50  2
9 9854 (AKT965) 65 D ++ AKT965 9854-65-9 6-4-2-1 50 0 0 0 0 0 0 0 0 0 0 0 50 0 0 5 0 50 50 0 0 50 0 0 0 0 50 50 100 50  2
9 9854 (AKT965) 65 D NS AKT965 9854-65-9 6-4-2-1 50 0 0 0 0 0 0 0 0 0 0 50 0 0 0 4 0 0 100 0 50 50 0 0 0 0 0 0 50 50  2
65 9 (AKT965) 9854 D EW AKT965 9854-65-9 6-4-2-1 0 0 0 0 0 0 0 0 0 0 0 50 50 0 0 4.5 50 50 0 0 0 0 0 0 50 0 50 100 50 100  2
65 9 (AKT965) 9854 D -- AKT965 9854-65-9 6-4-2-1 0 0 0 0 0 0 0 0 0 0 0 50 50 0 0 4.5 50 50 0 0 0 0 0 0 50 0 50 100 50 100  2
65 9 (AKT965) 9854 D ++ AKT965 9854-65-9 6-4-2-1 0 0 0 0 0 0 0 0 0 0 0 50 50 0 0 4.5 50 50 0 0 0 0 0 0 50 0 50 100 50 100  2
65 9 (AKT965) 9854 D NS AKT965 9854-65-9 6-4-2-1 0 0 0 0 0 0 0 0 0 0 0 100 0 0 0 4 50 0 50 0 50 0 0 0 50 0 0 50 0 100  2
9 65 (AKT965) 9854 D EW AKT965 9854-65-9 6-4-2-1 0 0 0 0 0 0 0 0 0 0 0 50 50 0 0 4.5 50 50 0 0 0 0 0 0 50 0 50 100 50 100  2
9 65 (AKT965) 9854 D -- AKT965 9854-65-9 6-4-2-1 0 0 0 0 0 0 0 0 0 0 0 50 50 0 0 4.5 50 50 0 0 0 0 0 0 50 0 50 100 50 100  2
9 65 (AKT965) 9854 D ++ AKT965 9854-65-9 6-4-2-1 0 0 0 0 0 0 0 0 0 0 0 50 50 0 0 4.5 50 50 0 0 0 0 0 0 50 0 50 100 50 100  2
9 65 (AKT965) 9854 D NS AKT965 9854-65-9 6-4-2-1 0 0 0 0 0 0 0 0 0 0 0 100 0 0 0 4 50 0 50 0 50 0 0 0 50 0 0 50 0 100  2
9854 65 9 (AKT965) C EW AKT965 9854-65-9 6-4-2-1 50 0 0 0 0 0 0 0 0 0 0 50 0 0 0 4 0 0 100 0 50 0 0 50 0 0 0 50 0 50  2
9854 65 9 (AKT965) C -- AKT965 9854-65-9 6-4-2-1 50 0 0 0 0 0 0 0 0 0 0 50 0 0 0 4 0 0 100 0 50 0 0 50 0 0 0 50 0 50  2
9854 65 9 (AKT965) C ++ AKT965 9854-65-9 6-4-2-1 50 0 0 0 0 0 0 0 0 0 50 0 0 0 0 3 0 0 100 0 50 0 0 50 0 0 0 50 0 50  2
9854 65 9 (AKT965) C NS AKT965 9854-65-9 6-4-2-1 50 0 0 0 0 0 0 0 0 0 50 0 0 0 0 3 0 0 100 0 50 50 0 0 0 0 0 0 50 50  2
9854 9 65 (AKT965) C EW AKT965 9854-65-9 6-4-2-1 50 0 0 0 0 0 0 0 0 0 0 0 50 0 0 5 0 50 50 0 0 0 0 50 0 0 50 100 50 50  2
9854 9 65 (AKT965) C -- AKT965 9854-65-9 6-4-2-1 50 0 0 0 0 0 0 0 0 0 0 0 50 0 0 5 0 50 50 0 0 0 0 50 0 0 50 100 50 50  2
9854 9 65 (AKT965) C ++ AKT965 9854-65-9 6-4-2-1 50 0 0 0 0 0 0 0 0 0 0 0 50 0 0 5 0 50 50 0 0 0 0 50 0 0 50 100 50 50  2
9854 9 65 (AKT965) C NS AKT965 9854-65-9 6-4-2-1 50 0 0 0 0 0 0 0 0 0 0 50 0 0 0 4 0 0 100 0 50 50 0 0 0 0 0 0 50 50  2
65 9854 9 (AKT965) C EW AKT965 9854-65-9 6-4-2-1 50 0 0 0 0 0 0 0 0 0 0 50 0 0 0 4 0 0 100 0 50 0 0 50 0 0 0 50 0 50  2
65 9854 9 (AKT965) C -- AKT965 9854-65-9 6-4-2-1 50 0 0 0 0 0 0 0 0 0 0 50 0 0 0 4 0 0 100 0 50 0 0 50 0 0 0 50 0 50  2
65 9854 9 (AKT965) C ++ AKT965 9854-65-9 6-4-2-1 50 0 0 0 0 0 0 0 0 0 50 0 0 0 0 3 0 0 100 0 50 0 0 50 0 0 0 50 0 50  2
65 9854 9 (AKT965) C NS AKT965 9854-65-9 6-4-2-1 50 0 0 0 0 0 0 0 0 0 50 0 0 0 0 3 0 0 100 0 50 50 0 0 0 0 0 0 50 50  2
9 9854 65 (AKT965) C EW AKT965 9854-65-9 6-4-2-1 50 0 0 0 0 0 0 0 0 0 0 0 50 0 0 5 0 50 50 0 0 0 0 50 0 0 50 100 50 50  2
9 9854 65 (AKT965) C -- AKT965 9854-65-9 6-4-2-1 50 0 0 0 0 0 0 0 0 0 0 0 50 0 0 5 0 50 50 0 0 50 0 0 0 0 50 50 100 50  2
9 9854 65 (AKT965) C ++ AKT965 9854-65-9 6-4-2-1 50 0 0 0 0 0 0 0 0 0 0 0 50 0 0 5 0 50 50 0 0 50 0 0 0 0 50 50 100 50  2
9 9854 65 (AKT965) C NS AKT965 9854-65-9 6-4-2-1 50 0 0 0 0 0 0 0 0 0 0 50 0 0 0 4 0 0 100 0 50 50 0 0 0 0 0 0 50 50  2
65 9 9854 (AKT965) C EW AKT965 9854-65-9 6-4-2-1 0 0 0 0 0 0 0 0 0 0 0 50 50 0 0 4.5 50 50 0 0 0 0 0 0 50 0 50 100 50 100  2
65 9 9854 (AKT965) C -- AKT965 9854-65-9 6-4-2-1 0 0 0 0 0 0 0 0 0 0 0 50 50 0 0 4.5 50 50 0 0 0 0 0 0 50 0 50 100 50 100  2
65 9 9854 (AKT965) C ++ AKT965 9854-65-9 6-4-2-1 0 0 0 0 0 0 0 0 0 0 0 50 50 0 0 4.5 50 50 0 0 0 0 0 0 50 0 50 100 50 100  2
65 9 9854 (AKT965) C NS AKT965 9854-65-9 6-4-2-1 0 0 0 0 0 0 0 0 0 0 0 100 0 0 0 4 50 0 50 0 50 0 0 0 50 0 0 50 0 100  2
9 65 9854 (AKT965) C EW AKT965 9854-65-9 6-4-2-1 0 0 0 0 0 0 0 0 0 0 0 50 50 0 0 4.5 50 50 0 0 0 0 0 0 50 0 50 100 50 100  2
9 65 9854 (AKT965) C -- AKT965 9854-65-9 6-4-2-1 0 0 0 0 0 0 0 0 0 0 0 50 50 0 0 4.5 50 50 0 0 0 0 0 0 50 0 50 100 50 100  2
9 65 9854 (AKT965) C ++ AKT965 9854-65-9 6-4-2-1 0 0 0 0 0 0 0 0 0 0 0 50 50 0 0 4.5 50 50 0 0 0 0 0 0 50 0 50 100 50 100  2
9 65 9854 (AKT965) C NS AKT965 9854-65-9 6-4-2-1 0 0 0 0 0 0 0 0 0 0 0 100 0 0 0 4 50 0 50 0 50 0 0 0 50 0 0 50 0 100  2
(AKT965) AQ76 A4 3 S EW AKT965 AQ76-A4-3 6-4-2-1 50 0 0 0 0 0 0 0 0 0 0 50 0 0 0 4 50 0 50 0 0 0 0 50 50 0 0 100 0 50  2
(AKT965) AQ76 A4 3 S -- AKT965 AQ76-A4-3 6-4-2-1 50 0 0 0 0 0 0 0 0 0 0 50 0 0 0 4 50 0 50 0 0 0 0 50 50 0 0 100 0 50  2
(AKT965) AQ76 A4 3 S ++ AKT965 AQ76-A4-3 6-4-2-1 50 0 0 0 0 0 0 0 0 0 0 50 0 0 0 4 50 0 50 0 0 0 0 50 50 0 0 100 0 50  2
(AKT965) AQ76 A4 3 S NS AKT965 AQ76-A4-3 6-4-2-1 50 0 0 0 0 0 0 0 0 0 0 50 0 0 0 4 50 0 50 0 0 0 0 50 50 0 0 100 0 50  2
(AKT965) AQ76 3 A4 S EW AKT965 AQ76-A4-3 6-4-2-1 50 0 0 0 0 0 0 0 0 0 0 50 0 0 0 4 50 0 50 0 0 0 0 50 50 0 0 100 0 50  2
(AKT965) AQ76 3 A4 S -- AKT965 AQ76-A4-3 6-4-2-1 50 0 0 0 0 0 0 0 0 0 0 50 0 0 0 4 50 0 50 0 0 0 0 50 50 0 0 100 0 50  2
(AKT965) AQ76 3 A4 S ++ AKT965 AQ76-A4-3 6-4-2-1 50 0 0 0 0 0 0 0 0 0 0 50 0 0 0 4 50 0 50 0 0 50 0 0 50 0 0 50 50 50  2
(AKT965) AQ76 3 A4 S NS AKT965 AQ76-A4-3 6-4-2-1 50 0 0 0 0 0 0 0 0 0 0 50 0 0 0 4 50 0 50 0 0 50 0 0 50 0 0 50 50 50  2
(AKT965) A4 AQ76 3 S EW AKT965 AQ76-A4-3 6-4-2-1 50 0 0 0 0 0 0 0 0 0 0 50 0 0 0 4 50 0 50 0 0 0 0 50 50 0 0 100 0 50  2
(AKT965) A4 AQ76 3 S -- AKT965 AQ76-A4-3 6-4-2-1 50 0 0 0 0 0 0 0 0 0 0 50 0 0 0 4 50 0 50 0 0 0 0 50 50 0 0 100 0 50  2
(AKT965) A4 AQ76 3 S ++ AKT965 AQ76-A4-3 6-4-2-1 50 0 0 0 0 0 0 0 0 0 0 50 0 0 0 4 50 0 50 0 0 0 0 50 50 0 0 100 0 50  2
(AKT965) A4 AQ76 3 S NS AKT965 AQ76-A4-3 6-4-2-1 50 0 0 0 0 0 0 0 0 0 0 50 0 0 0 4 50 0 50 0 0 0 0 50 50 0 0 100 0 50  2
(AKT965) 3 AQ76 A4 S EW AKT965 AQ76-A4-3 6-4-2-1 50 0 0 0 0 0 0 0 0 0 0 50 0 0 0 4 50 0 50 0 0 0 0 50 50 0 0 100 0 50  2
(AKT965) 3 AQ76 A4 S -- AKT965 AQ76-A4-3 6-4-2-1 50 0 0 0 0 0 0 0 0 0 0 50 0 0 0 4 50 0 50 0 0 0 0 50 50 0 0 100 0 50  2
(AKT965) 3 AQ76 A4 S ++ AKT965 AQ76-A4-3 6-4-2-1 50 0 0 0 0 0 0 0 0 0 0 50 0 0 0 4 50 0 50 0 0 50 0 0 50 0 0 50 50 50  2
(AKT965) 3 AQ76 A4 S NS AKT965 AQ76-A4-3 6-4-2-1 50 0 0 0 0 0 0 0 0 0 0 50 0 0 0 4 50 0 50 0 0 50 0 0 50 0 0 50 50 50  2
(AKT965) A4 3 AQ76 S EW AKT965 AQ76-A4-3 6-4-2-1 50 0 0 0 0 0 0 0 0 0 0 50 0 0 0 4 50 0 50 0 0 0 0 50 50 0 0 100 0 50  2
(AKT965) A4 3 AQ76 S -- AKT965 AQ76-A4-3 6-4-2-1 50 0 0 0 0 0 0 0 0 0 0 50 0 0 0 4 50 0 50 0 0 0 0 50 50 0 0 100 0 50  2
(AKT965) A4 3 AQ76 S ++ AKT965 AQ76-A4-3 6-4-2-1 50 0 0 0 0 0 0 0 0 0 0 50 0 0 0 4 50 0 50 0 0 0 0 50 50 0 0 100 0 50  2
(AKT965) A4 3 AQ76 S NS AKT965 AQ76-A4-3 6-4-2-1 50 0 0 0 0 0 0 0 0 0 0 50 0 0 0 4 50 0 50 0 0 0 0 50 50 0 0 100 0 50  2
(AKT965) 3 A4 AQ76 S EW AKT965 AQ76-A4-3 6-4-2-1 50 0 0 0 0 0 0 0 0 0 0 50 0 0 0 4 50 0 50 0 0 0 0 50 50 0 0 100 0 50  2
(AKT965) 3 A4 AQ76 S -- AKT965 AQ76-A4-3 6-4-2-1 50 0 0 0 0 0 0 0 0 0 0 50 0 0 0 4 50 0 50 0 0 0 0 50 50 0 0 100 0 50  2
(AKT965) 3 A4 AQ76 S ++ AKT965 AQ76-A4-3 6-4-2-1 50 0 0 0 0 0 0 0 0 0 0 50 0 0 0 4 50 0 50 0 0 50 0 0 50 0 0 50 50 50  2
(AKT965) 3 A4 AQ76 S NS AKT965 AQ76-A4-3 6-4-2-1 50 0 0 0 0 0 0 0 0 0 0 50 0 0 0 4 50 0 50 0 0 50 0 0 50 0 0 50 50 50  2
AQ76 (AKT965) A4 3 H EW AKT965 AQ76-A4-3 6-4-2-1 50 0 0 0 0 0 0 0 0 0 0 50 0 0 0 4 50 0 50 0 0 0 0 50 50 0 0 100 0 50  2
AQ76 (AKT965) A4 3 H -- AKT965 AQ76-A4-3 6-4-2-1 50 0 0 0 0 0 0 0 0 0 0 50 0 0 0 4 50 0 50 0 0 0 0 50 50 0 0 100 0 50  2
AQ76 (AKT965) A4 3 H ++ AKT965 AQ76-A4-3 6-4-2-1 50 0 0 0 0 0 0 0 0 0 0 50 0 0 0 4 50 0 50 0 0 0 0 50 50 0 0 100 0 50  2
AQ76 (AKT965) A4 3 H NS AKT965 AQ76-A4-3 6-4-2-1 50 0 0 0 0 0 0 0 0 0 0 50 0 0 0 4 50 0 50 0 0 0 0 50 50 0 0 100 0 50  2
AQ76 (AKT965) 3 A4 H EW AKT965 AQ76-A4-3 6-4-2-1 50 0 0 0 0 0 0 0 0 0 0 50 0 0 0 4 50 0 50 0 0 0 0 50 50 0 0 100 0 50  2
AQ76 (AKT965) 3 A4 H -- AKT965 AQ76-A4-3 6-4-2-1 50 0 0 0 0 0 0 0 0 0 0 50 0 0 0 4 50 0 50 0 0 0 0 50 50 0 0 100 0 50  2
AQ76 (AKT965) 3 A4 H ++ AKT965 AQ76-A4-3 6-4-2-1 50 0 0 0 0 0 0 0 0 0 0 50 0 0 0 4 50 0 50 0 0 50 0 0 50 0 0 50 50 50  2
AQ76 (AKT965) 3 A4 H NS AKT965 AQ76-A4-3 6-4-2-1 50 0 0 0 0 0 0 0 0 0 0 50 0 0 0 4 50 0 50 0 0 50 0 0 50 0 0 50 50 50  2
A4 (AKT965) AQ76 3 H EW AKT965 AQ76-A4-3 6-4-2-1 50 0 0 0 0 0 0 0 0 0 0 50 0 0 0 4 50 0 50 0 0 0 0 50 50 0 0 100 0 50  2
A4 (AKT965) AQ76 3 H -- AKT965 AQ76-A4-3 6-4-2-1 50 0 0 0 0 0 0 0 0 0 0 50 0 0 0 4 50 0 50 0 0 0 0 50 50 0 0 100 0 50  2
A4 (AKT965) AQ76 3 H ++ AKT965 AQ76-A4-3 6-4-2-1 50 0 0 0 0 0 0 0 0 0 0 50 0 0 0 4 50 0 50 0 0 0 0 50 50 0 0 100 0 50  2
A4 (AKT965) AQ76 3 H NS AKT965 AQ76-A4-3 6-4-2-1 50 0 0 0 0 0 0 0 0 0 0 50 0 0 0 4 50 0 50 0 0 0 0 50 50 0 0 100 0 50  2
3 (AKT965) AQ76 A4 H EW AKT965 AQ76-A4-3 6-4-2-1 50 0 0 0 0 0 0 0 0 0 0 50 0 0 0 4 50 0 50 0 0 0 0 50 50 0 0 100 0 50  2
3 (AKT965) AQ76 A4 H -- AKT965 AQ76-A4-3 6-4-2-1 50 0 0 0 0 0 0 0 0 0 0 50 0 0 0 4 50 0 50 0 0 0 0 50 50 0 0 100 0 50  2
3 (AKT965) AQ76 A4 H ++ AKT965 AQ76-A4-3 6-4-2-1 50 0 0 0 0 0 0 0 0 0 0 50 0 0 0 4 50 0 50 0 0 50 0 0 50 0 0 50 50 50  2
3 (AKT965) AQ76 A4 H NS AKT965 AQ76-A4-3 6-4-2-1 50 0 0 0 0 0 0 0 0 0 0 50 0 0 0 4 50 0 50 0 0 50 0 0 50 0 0 50 50 50  2
A4 (AKT965) 3 AQ76 H EW AKT965 AQ76-A4-3 6-4-2-1 50 0 0 0 0 0 0 0 0 0 0 50 0 0 0 4 50 0 50 0 0 0 0 50 50 0 0 100 0 50  2
A4 (AKT965) 3 AQ76 H -- AKT965 AQ76-A4-3 6-4-2-1 50 0 0 0 0 0 0 0 0 0 0 50 0 0 0 4 50 0 50 0 0 0 0 50 50 0 0 100 0 50  2
A4 (AKT965) 3 AQ76 H ++ AKT965 AQ76-A4-3 6-4-2-1 50 0 0 0 0 0 0 0 0 0 0 50 0 0 0 4 50 0 50 0 0 0 0 50 50 0 0 100 0 50  2
A4 (AKT965) 3 AQ76 H NS AKT965 AQ76-A4-3 6-4-2-1 50 0 0 0 0 0 0 0 0 0 0 50 0 0 0 4 50 0 50 0 0 0 0 50 50 0 0 100 0 50  2
3 (AKT965) A4 AQ76 H EW AKT965 AQ76-A4-3 6-4-2-1 50 0 0 0 0 0 0 0 0 0 0 50 0 0 0 4 50 0 50 0 0 0 0 50 50 0 0 100 0 50  2
3 (AKT965) A4 AQ76 H -- AKT965 AQ76-A4-3 6-4-2-1 50 0 0 0 0 0 0 0 0 0 0 50 0 0 0 4 50 0 50 0 0 0 0 50 50 0 0 100 0 50  2
3 (AKT965) A4 AQ76 H ++ AKT965 AQ76-A4-3 6-4-2-1 50 0 0 0 0 0 0 0 0 0 0 50 0 0 0 4 50 0 50 0 0 50 0 0 50 0 0 50 50 50  2
3 (AKT965) A4 AQ76 H NS AKT965 AQ76-A4-3 6-4-2-1 50 0 0 0 0 0 0 0 0 0 0 50 0 0 0 4 50 0 50 0 0 50 0 0 50 0 0 50 50 50  2
AQ76 A4 (AKT965) 3 D EW AKT965 AQ76-A4-3 6-4-2-1 100 0 0 0 0 0 0 0 0 0 0 0 0 0 0 0 0 0 100 0 0 0 0 100 0 0 0 100 0 0  2
AQ76 A4 (AKT965) 3 D -- AKT965 AQ76-A4-3 6-4-2-1 100 0 0 0 0 0 0 0 0 0 0 0 0 0 0 0 0 0 100 0 0 0 0 100 0 0 0 100 0 0  2
AQ76 A4 (AKT965) 3 D ++ AKT965 AQ76-A4-3 6-4-2-1 100 0 0 0 0 0 0 0 0 0 0 0 0 0 0 0 0 0 100 0 0 0 0 100 0 0 0 100 0 0  2
AQ76 A4 (AKT965) 3 D NS AKT965 AQ76-A4-3 6-4-2-1 100 0 0 0 0 0 0 0 0 0 0 0 0 0 0 0 0 0 100 0 0 0 0 100 0 0 0 100 0 0  2
AQ76 3 (AKT965) A4 D EW AKT965 AQ76-A4-3 6-4-2-1 100 0 0 0 0 0 0 0 0 0 0 0 0 0 0 0 0 0 100 0 0 0 0 100 0 0 0 100 0 0  2
AQ76 3 (AKT965) A4 D -- AKT965 AQ76-A4-3 6-4-2-1 100 0 0 0 0 0 0 0 0 0 0 0 0 0 0 0 0 0 100 0 0 0 0 100 0 0 0 100 0 0  2
AQ76 3 (AKT965) A4 D ++ AKT965 AQ76-A4-3 6-4-2-1 100 0 0 0 0 0 0 0 0 0 0 0 0 0 0 0 0 0 100 0 0 50 0 50 0 0 0 50 50 0  2
AQ76 3 (AKT965) A4 D NS AKT965 AQ76-A4-3 6-4-2-1 100 0 0 0 0 0 0 0 0 0 0 0 0 0 0 0 0 0 100 0 0 50 0 50 0 0 0 50 50 0  2
A4 AQ76 (AKT965) 3 D EW AKT965 AQ76-A4-3 6-4-2-1 100 0 0 0 0 0 0 0 0 0 0 0 0 0 0 0 0 0 100 0 0 0 0 100 0 0 0 100 0 0  2
A4 AQ76 (AKT965) 3 D -- AKT965 AQ76-A4-3 6-4-2-1 100 0 0 0 0 0 0 0 0 0 0 0 0 0 0 0 0 0 100 0 0 0 0 100 0 0 0 100 0 0  2
A4 AQ76 (AKT965) 3 D ++ AKT965 AQ76-A4-3 6-4-2-1 100 0 0 0 0 0 0 0 0 0 0 0 0 0 0 0 0 0 100 0 0 0 0 100 0 0 0 100 0 0  2
A4 AQ76 (AKT965) 3 D NS AKT965 AQ76-A4-3 6-4-2-1 100 0 0 0 0 0 0 0 0 0 0 0 0 0 0 0 0 0 100 0 0 0 0 100 0 0 0 100 0 0  2
3 AQ76 (AKT965) A4 D EW AKT965 AQ76-A4-3 6-4-2-1 100 0 0 0 0 0 0 0 0 0 0 0 0 0 0 0 0 0 100 0 0 0 0 100 0 0 0 100 0 0  2
3 AQ76 (AKT965) A4 D -- AKT965 AQ76-A4-3 6-4-2-1 100 0 0 0 0 0 0 0 0 0 0 0 0 0 0 0 0 0 100 0 0 0 0 100 0 0 0 100 0 0  2
3 AQ76 (AKT965) A4 D ++ AKT965 AQ76-A4-3 6-4-2-1 100 0 0 0 0 0 0 0 0 0 0 0 0 0 0 0 0 0 100 0 0 50 0 50 0 0 0 50 50 0  2
3 AQ76 (AKT965) A4 D NS AKT965 AQ76-A4-3 6-4-2-1 100 0 0 0 0 0 0 0 0 0 0 0 0 0 0 0 0 0 100 0 0 50 0 50 0 0 0 50 50 0  2
A4 3 (AKT965) AQ76 D EW AKT965 AQ76-A4-3 6-4-2-1 100 0 0 0 0 0 0 0 0 0 0 0 0 0 0 0 0 0 100 0 0 0 0 100 0 0 0 100 0 0  2
A4 3 (AKT965) AQ76 D -- AKT965 AQ76-A4-3 6-4-2-1 100 0 0 0 0 0 0 0 0 0 0 0 0 0 0 0 0 0 100 0 0 0 0 100 0 0 0 100 0 0  2
A4 3 (AKT965) AQ76 D ++ AKT965 AQ76-A4-3 6-4-2-1 100 0 0 0 0 0 0 0 0 0 0 0 0 0 0 0 0 0 100 0 0 0 0 100 0 0 0 100 0 0  2
A4 3 (AKT965) AQ76 D NS AKT965 AQ76-A4-3 6-4-2-1 100 0 0 0 0 0 0 0 0 0 0 0 0 0 0 0 0 0 100 0 0 0 0 100 0 0 0 100 0 0  2
3 A4 (AKT965) AQ76 D EW AKT965 AQ76-A4-3 6-4-2-1 100 0 0 0 0 0 0 0 0 0 0 0 0 0 0 0 0 0 100 0 0 0 0 100 0 0 0 100 0 0  2
3 A4 (AKT965) AQ76 D -- AKT965 AQ76-A4-3 6-4-2-1 100 0 0 0 0 0 0 0 0 0 0 0 0 0 0 0 0 0 100 0 0 0 0 100 0 0 0 100 0 0  2
3 A4 (AKT965) AQ76 D ++ AKT965 AQ76-A4-3 6-4-2-1 100 0 0 0 0 0 0 0 0 0 0 0 0 0 0 0 0 0 100 0 0 50 0 50 0 0 0 50 50 0  2
3 A4 (AKT965) AQ76 D NS AKT965 AQ76-A4-3 6-4-2-1 100 0 0 0 0 0 0 0 0 0 0 0 0 0 0 0 0 0 100 0 0 50 0 50 0 0 0 50 50 0  2
AQ76 A4 3 (AKT965) C EW AKT965 AQ76-A4-3 6-4-2-1 100 0 0 0 0 0 0 0 0 0 0 0 0 0 0 0 0 0 100 0 0 0 0 100 0 0 0 100 0 0  2
AQ76 A4 3 (AKT965) C -- AKT965 AQ76-A4-3 6-4-2-1 100 0 0 0 0 0 0 0 0 0 0 0 0 0 0 0 0 0 100 0 0 0 0 100 0 0 0 100 0 0  2
AQ76 A4 3 (AKT965) C ++ AKT965 AQ76-A4-3 6-4-2-1 100 0 0 0 0 0 0 0 0 0 0 0 0 0 0 0 0 0 100 0 0 0 0 100 0 0 0 100 0 0  2
AQ76 A4 3 (AKT965) C NS AKT965 AQ76-A4-3 6-4-2-1 100 0 0 0 0 0 0 0 0 0 0 0 0 0 0 0 0 0 100 0 0 0 0 100 0 0 0 100 0 0  2
AQ76 3 A4 (AKT965) C EW AKT965 AQ76-A4-3 6-4-2-1 100 0 0 0 0 0 0 0 0 0 0 0 0 0 0 0 0 0 100 0 0 0 0 100 0 0 0 100 0 0  2
AQ76 3 A4 (AKT965) C -- AKT965 AQ76-A4-3 6-4-2-1 100 0 0 0 0 0 0 0 0 0 0 0 0 0 0 0 0 0 100 0 0 0 0 100 0 0 0 100 0 0  2
AQ76 3 A4 (AKT965) C ++ AKT965 AQ76-A4-3 6-4-2-1 100 0 0 0 0 0 0 0 0 0 0 0 0 0 0 0 0 0 100 0 0 50 0 50 0 0 0 50 50 0  2
AQ76 3 A4 (AKT965) C NS AKT965 AQ76-A4-3 6-4-2-1 100 0 0 0 0 0 0 0 0 0 0 0 0 0 0 0 0 0 100 0 0 50 0 50 0 0 0 50 50 0  2
A4 AQ76 3 (AKT965) C EW AKT965 AQ76-A4-3 6-4-2-1 100 0 0 0 0 0 0 0 0 0 0 0 0 0 0 0 0 0 100 0 0 0 0 100 0 0 0 100 0 0  2
A4 AQ76 3 (AKT965) C -- AKT965 AQ76-A4-3 6-4-2-1 100 0 0 0 0 0 0 0 0 0 0 0 0 0 0 0 0 0 100 0 0 0 0 100 0 0 0 100 0 0  2
A4 AQ76 3 (AKT965) C ++ AKT965 AQ76-A4-3 6-4-2-1 100 0 0 0 0 0 0 0 0 0 0 0 0 0 0 0 0 0 100 0 0 0 0 100 0 0 0 100 0 0  2
A4 AQ76 3 (AKT965) C NS AKT965 AQ76-A4-3 6-4-2-1 100 0 0 0 0 0 0 0 0 0 0 0 0 0 0 0 0 0 100 0 0 0 0 100 0 0 0 100 0 0  2
3 AQ76 A4 (AKT965) C EW AKT965 AQ76-A4-3 6-4-2-1 100 0 0 0 0 0 0 0 0 0 0 0 0 0 0 0 0 0 100 0 0 0 0 100 0 0 0 100 0 0  2
3 AQ76 A4 (AKT965) C -- AKT965 AQ76-A4-3 6-4-2-1 100 0 0 0 0 0 0 0 0 0 0 0 0 0 0 0 0 0 100 0 0 0 0 100 0 0 0 100 0 0  2
3 AQ76 A4 (AKT965) C ++ AKT965 AQ76-A4-3 6-4-2-1 100 0 0 0 0 0 0 0 0 0 0 0 0 0 0 0 0 0 100 0 0 50 0 50 0 0 0 50 50 0  2
3 AQ76 A4 (AKT965) C NS AKT965 AQ76-A4-3 6-4-2-1 100 0 0 0 0 0 0 0 0 0 0 0 0 0 0 0 0 0 100 0 0 50 0 50 0 0 0 50 50 0  2
A4 3 AQ76 (AKT965) C EW AKT965 AQ76-A4-3 6-4-2-1 100 0 0 0 0 0 0 0 0 0 0 0 0 0 0 0 0 0 100 0 0 0 0 100 0 0 0 100 0 0  2
A4 3 AQ76 (AKT965) C -- AKT965 AQ76-A4-3 6-4-2-1 100 0 0 0 0 0 0 0 0 0 0 0 0 0 0 0 0 0 100 0 0 0 0 100 0 0 0 100 0 0  2
A4 3 AQ76 (AKT965) C ++ AKT965 AQ76-A4-3 6-4-2-1 100 0 0 0 0 0 0 0 0 0 0 0 0 0 0 0 0 0 100 0 0 0 0 100 0 0 0 100 0 0  2
A4 3 AQ76 (AKT965) C NS AKT965 AQ76-A4-3 6-4-2-1 100 0 0 0 0 0 0 0 0 0 0 0 0 0 0 0 0 0 100 0 0 0 0 100 0 0 0 100 0 0  2
3 A4 AQ76 (AKT965) C EW AKT965 AQ76-A4-3 6-4-2-1 100 0 0 0 0 0 0 0 0 0 0 0 0 0 0 0 0 0 100 0 0 0 0 100 0 0 0 100 0 0  2
3 A4 AQ76 (AKT965) C -- AKT965 AQ76-A4-3 6-4-2-1 100 0 0 0 0 0 0 0 0 0 0 0 0 0 0 0 0 0 100 0 0 0 0 100 0 0 0 100 0 0  2
3 A4 AQ76 (AKT965) C ++ AKT965 AQ76-A4-3 6-4-2-1 100 0 0 0 0 0 0 0 0 0 0 0 0 0 0 0 0 0 100 0 0 50 0 50 0 0 0 50 50 0  2
3 A4 AQ76 (AKT965) C NS AKT965 AQ76-A4-3 6-4-2-1 100 0 0 0 0 0 0 0 0 0 0 0 0 0 0 0 0 0 100 0 0 50 0 50 0 0 0 50 50 0  2
(QJ8743) 9854 65 9 S EW QJ8743 9854-65-9 6-4-2-1 0 0 0 0 0 0 0 0 0 0 0 0 50 0 50 6 0 0 100 0 100 0 0 0 0 0 0 0 0 100  2
(QJ8743) 9854 65 9 S -- QJ8743 9854-65-9 6-4-2-1 0 0 0 0 0 0 0 0 0 0 0 50 0 50 0 5 0 0 100 50 50 0 0 0 0 0 0 0 0 50  2
(QJ8743) 9854 65 9 S ++ QJ8743 9854-65-9 6-4-2-1 0 0 0 0 0 0 0 0 0 0 0 50 0 0 50 5.5 0 0 100 0 100 0 0 0 0 0 0 0 0 100  2
(QJ8743) 9854 65 9 S NS QJ8743 9854-65-9 6-4-2-1 0 0 0 0 0 0 0 0 0 0 50 0 50 0 0 4 0 0 100 50 50 0 0 0 0 0 0 0 0 50  2
(QJ8743) 9854 9 65 S EW QJ8743 9854-65-9 6-4-2-1 0 0 0 0 0 0 0 0 0 0 0 0 50 0 50 6 0 0 100 0 100 0 0 0 0 0 0 0 0 100  2
(QJ8743) 9854 9 65 S -- QJ8743 9854-65-9 6-4-2-1 0 0 0 0 0 0 0 0 0 0 0 50 0 50 0 5 0 0 100 50 50 0 0 0 0 0 0 0 0 50  2
(QJ8743) 9854 9 65 S ++ QJ8743 9854-65-9 6-4-2-1 0 0 0 0 0 0 0 0 0 0 0 50 0 0 50 5.5 0 0 100 0 100 0 0 0 0 0 0 0 0 100  2
(QJ8743) 9854 9 65 S NS QJ8743 9854-65-9 6-4-2-1 0 0 0 0 0 0 0 0 0 0 50 0 50 0 0 4 0 0 100 50 50 0 0 0 0 0 0 0 0 50  2
(QJ8743) 65 9854 9 S EW QJ8743 9854-65-9 6-4-2-1 0 0 0 0 0 0 0 0 0 0 0 0 50 0 50 6 0 0 100 0 100 0 0 0 0 0 0 0 0 100  2
(QJ8743) 65 9854 9 S -- QJ8743 9854-65-9 6-4-2-1 0 0 0 0 0 0 0 0 0 0 0 50 0 50 0 5 0 0 100 50 50 0 0 0 0 0 0 0 0 50  2
(QJ8743) 65 9854 9 S ++ QJ8743 9854-65-9 6-4-2-1 0 0 0 0 0 0 0 0 0 0 0 50 0 0 50 5.5 0 0 100 0 100 0 0 0 0 0 0 0 0 100  2
(QJ8743) 65 9854 9 S NS QJ8743 9854-65-9 6-4-2-1 0 0 0 0 0 0 0 0 0 0 50 0 50 0 0 4 0 0 100 50 50 0 0 0 0 0 0 0 0 50  2
(QJ8743) 9 9854 65 S EW QJ8743 9854-65-9 6-4-2-1 0 0 0 0 0 0 0 0 0 0 0 0 50 0 50 6 0 0 100 0 100 0 0 0 0 0 0 0 0 100  2
(QJ8743) 9 9854 65 S -- QJ8743 9854-65-9 6-4-2-1 0 0 0 0 0 0 0 0 0 0 0 50 0 50 0 5 0 0 100 50 50 0 0 0 0 0 0 0 0 50  2
(QJ8743) 9 9854 65 S ++ QJ8743 9854-65-9 6-4-2-1 0 0 0 0 0 0 0 0 0 0 0 50 0 0 50 5.5 0 0 100 0 100 0 0 0 0 0 0 0 0 100  2
(QJ8743) 9 9854 65 S NS QJ8743 9854-65-9 6-4-2-1 0 0 0 0 0 0 0 0 0 0 50 0 50 0 0 4 0 0 100 50 50 0 0 0 0 0 0 0 0 50  2
(QJ8743) 65 9 9854 S EW QJ8743 9854-65-9 6-4-2-1 0 0 0 0 0 0 0 0 0 0 0 0 50 0 50 6 0 0 100 0 100 0 0 0 0 0 0 0 0 100  2
(QJ8743) 65 9 9854 S -- QJ8743 9854-65-9 6-4-2-1 0 0 0 0 0 0 0 0 0 0 0 50 0 50 0 5 0 0 100 50 50 0 0 0 0 0 0 0 0 50  2
(QJ8743) 65 9 9854 S ++ QJ8743 9854-65-9 6-4-2-1 0 0 0 0 0 0 0 0 0 0 0 50 0 0 50 5.5 0 0 100 0 100 0 0 0 0 0 0 0 0 100  2
(QJ8743) 65 9 9854 S NS QJ8743 9854-65-9 6-4-2-1 0 0 0 0 0 0 0 0 0 0 50 0 50 0 0 4 0 0 100 50 50 0 0 0 0 0 0 0 0 50  2
(QJ8743) 9 65 9854 S EW QJ8743 9854-65-9 6-4-2-1 0 0 0 0 0 0 0 0 0 0 0 0 50 0 50 6 0 0 100 0 100 0 0 0 0 0 0 0 0 100  2
(QJ8743) 9 65 9854 S -- QJ8743 9854-65-9 6-4-2-1 0 0 0 0 0 0 0 0 0 0 0 50 0 50 0 5 0 0 100 50 50 0 0 0 0 0 0 0 0 50  2
(QJ8743) 9 65 9854 S ++ QJ8743 9854-65-9 6-4-2-1 0 0 0 0 0 0 0 0 0 0 0 50 0 0 50 5.5 0 0 100 0 100 0 0 0 0 0 0 0 0 100  2
(QJ8743) 9 65 9854 S NS QJ8743 9854-65-9 6-4-2-1 0 0 0 0 0 0 0 0 0 0 50 0 50 0 0 4 0 0 100 50 50 0 0 0 0 0 0 0 0 50  2
9854 (QJ8743) 65 9 H EW QJ8743 9854-65-9 6-4-2-1 0 0 0 0 0 0 0 0 0 0 0 0 50 0 50 6 0 0 100 0 100 0 0 0 0 0 0 0 0 100  2
9854 (QJ8743) 65 9 H -- QJ8743 9854-65-9 6-4-2-1 0 0 0 0 0 0 0 0 0 0 0 50 0 50 0 5 0 0 100 50 50 0 0 0 0 0 0 0 0 50  2
9854 (QJ8743) 65 9 H ++ QJ8743 9854-65-9 6-4-2-1 0 0 0 0 0 0 0 0 0 0 0 50 0 0 50 5.5 0 0 100 0 100 0 0 0 0 0 0 0 0 100  2
9854 (QJ8743) 65 9 H NS QJ8743 9854-65-9 6-4-2-1 0 0 0 0 0 0 0 0 0 0 50 0 50 0 0 4 0 0 100 50 50 0 0 0 0 0 0 0 0 50  2
9854 (QJ8743) 9 65 H EW QJ8743 9854-65-9 6-4-2-1 0 0 0 0 0 0 0 0 0 0 0 0 50 0 50 6 0 0 100 0 100 0 0 0 0 0 0 0 0 100  2
9854 (QJ8743) 9 65 H -- QJ8743 9854-65-9 6-4-2-1 0 0 0 0 0 0 0 0 0 0 0 50 0 50 0 5 0 0 100 50 50 0 0 0 0 0 0 0 0 50  2
9854 (QJ8743) 9 65 H ++ QJ8743 9854-65-9 6-4-2-1 0 0 0 0 0 0 0 0 0 0 0 50 0 0 50 5.5 0 0 100 0 100 0 0 0 0 0 0 0 0 100  2
9854 (QJ8743) 9 65 H NS QJ8743 9854-65-9 6-4-2-1 0 0 0 0 0 0 0 0 0 0 50 0 50 0 0 4 0 0 100 50 50 0 0 0 0 0 0 0 0 50  2
65 (QJ8743) 9854 9 H EW QJ8743 9854-65-9 6-4-2-1 0 0 0 0 0 0 0 0 0 0 0 0 50 0 50 6 0 0 100 0 100 0 0 0 0 0 0 0 0 100  2
65 (QJ8743) 9854 9 H -- QJ8743 9854-65-9 6-4-2-1 0 0 0 0 0 0 0 0 0 0 0 50 0 50 0 5 0 0 100 50 50 0 0 0 0 0 0 0 0 50  2
65 (QJ8743) 9854 9 H ++ QJ8743 9854-65-9 6-4-2-1 0 0 0 0 0 0 0 0 0 0 0 50 0 0 50 5.5 0 0 100 0 100 0 0 0 0 0 0 0 0 100  2
65 (QJ8743) 9854 9 H NS QJ8743 9854-65-9 6-4-2-1 0 0 0 0 0 0 0 0 0 0 50 0 50 0 0 4 0 0 100 50 50 0 0 0 0 0 0 0 0 50  2
9 (QJ8743) 9854 65 H EW QJ8743 9854-65-9 6-4-2-1 0 0 0 0 0 0 0 0 0 0 0 0 50 0 50 6 0 0 100 0 100 0 0 0 0 0 0 0 0 100  2
9 (QJ8743) 9854 65 H -- QJ8743 9854-65-9 6-4-2-1 0 0 0 0 0 0 0 0 0 0 0 50 0 50 0 5 0 0 100 50 50 0 0 0 0 0 0 0 0 50  2
9 (QJ8743) 9854 65 H ++ QJ8743 9854-65-9 6-4-2-1 0 0 0 0 0 0 0 0 0 0 0 50 0 0 50 5.5 0 0 100 0 100 0 0 0 0 0 0 0 0 100  2
9 (QJ8743) 9854 65 H NS QJ8743 9854-65-9 6-4-2-1 0 0 0 0 0 0 0 0 0 0 50 0 50 0 0 4 0 0 100 50 50 0 0 0 0 0 0 0 0 50  2
65 (QJ8743) 9 9854 H EW QJ8743 9854-65-9 6-4-2-1 0 0 0 0 0 0 0 0 0 0 0 0 50 0 50 6 0 0 100 0 100 0 0 0 0 0 0 0 0 100  2
65 (QJ8743) 9 9854 H -- QJ8743 9854-65-9 6-4-2-1 0 0 0 0 0 0 0 0 0 0 0 50 0 50 0 5 0 0 100 50 50 0 0 0 0 0 0 0 0 50  2
65 (QJ8743) 9 9854 H ++ QJ8743 9854-65-9 6-4-2-1 0 0 0 0 0 0 0 0 0 0 0 50 0 0 50 5.5 0 0 100 0 100 0 0 0 0 0 0 0 0 100  2
65 (QJ8743) 9 9854 H NS QJ8743 9854-65-9 6-4-2-1 0 0 0 0 0 0 0 0 0 0 50 0 50 0 0 4 0 0 100 50 50 0 0 0 0 0 0 0 0 50  2
9 (QJ8743) 65 9854 H EW QJ8743 9854-65-9 6-4-2-1 0 0 0 0 0 0 0 0 0 0 0 0 50 0 50 6 0 0 100 0 100 0 0 0 0 0 0 0 0 100  2
9 (QJ8743) 65 9854 H -- QJ8743 9854-65-9 6-4-2-1 0 0 0 0 0 0 0 0 0 0 0 50 0 50 0 5 0 0 100 50 50 0 0 0 0 0 0 0 0 50  2
9 (QJ8743) 65 9854 H ++ QJ8743 9854-65-9 6-4-2-1 0 0 0 0 0 0 0 0 0 0 0 50 0 0 50 5.5 0 0 100 0 100 0 0 0 0 0 0 0 0 100  2
9 (QJ8743) 65 9854 H NS QJ8743 9854-65-9 6-4-2-1 0 0 0 0 0 0 0 0 0 0 50 0 50 0 0 4 0 0 100 50 50 0 0 0 0 0 0 0 0 50  2
9854 65 (QJ8743) 9 D EW QJ8743 9854-65-9 6-4-2-1 0 0 0 0 0 0 0 0 0 0 0 0 50 0 50 6 0 0 100 0 100 0 0 0 0 0 0 0 0 100  2
9854 65 (QJ8743) 9 D -- QJ8743 9854-65-9 6-4-2-1 0 0 0 0 0 0 0 0 0 0 0 50 0 50 0 5 0 0 100 50 50 0 0 0 0 0 0 0 0 50  2
9854 65 (QJ8743) 9 D ++ QJ8743 9854-65-9 6-4-2-1 0 0 0 0 0 0 0 0 0 0 0 50 0 0 50 5.5 0 0 100 0 100 0 0 0 0 0 0 0 0 100  2
9854 65 (QJ8743) 9 D NS QJ8743 9854-65-9 6-4-2-1 0 0 0 0 0 0 0 0 0 0 50 0 50 0 0 4 0 0 100 50 50 0 0 0 0 0 0 0 0 50  2
9854 9 (QJ8743) 65 D EW QJ8743 9854-65-9 6-4-2-1 0 0 0 0 0 0 0 0 0 0 0 0 50 0 50 6 0 0 100 0 100 0 0 0 0 0 0 0 0 100  2
9854 9 (QJ8743) 65 D -- QJ8743 9854-65-9 6-4-2-1 0 0 0 0 0 0 0 0 0 0 0 50 0 50 0 5 0 0 100 50 50 0 0 0 0 0 0 0 0 50  2
9854 9 (QJ8743) 65 D ++ QJ8743 9854-65-9 6-4-2-1 0 0 0 0 0 0 0 0 0 0 0 50 0 0 50 5.5 0 0 100 0 100 0 0 0 0 0 0 0 0 100  2
9854 9 (QJ8743) 65 D NS QJ8743 9854-65-9 6-4-2-1 0 0 0 0 0 0 0 0 0 0 50 0 50 0 0 4 0 0 100 50 50 0 0 0 0 0 0 0 0 50  2
65 9854 (QJ8743) 9 D EW QJ8743 9854-65-9 6-4-2-1 0 0 0 0 0 0 0 0 0 0 0 0 50 0 50 6 0 0 100 0 100 0 0 0 0 0 0 0 0 100  2
65 9854 (QJ8743) 9 D -- QJ8743 9854-65-9 6-4-2-1 0 0 0 0 0 0 0 0 0 0 0 50 0 50 0 5 0 0 100 50 50 0 0 0 0 0 0 0 0 50  2
65 9854 (QJ8743) 9 D ++ QJ8743 9854-65-9 6-4-2-1 0 0 0 0 0 0 0 0 0 0 0 50 0 0 50 5.5 0 0 100 0 100 0 0 0 0 0 0 0 0 100  2
65 9854 (QJ8743) 9 D NS QJ8743 9854-65-9 6-4-2-1 0 0 0 0 0 0 0 0 0 0 50 0 50 0 0 4 0 0 100 50 50 0 0 0 0 0 0 0 0 50  2
9 9854 (QJ8743) 65 D EW QJ8743 9854-65-9 6-4-2-1 0 0 0 0 0 0 0 0 0 0 0 0 50 0 50 6 0 0 100 0 100 0 0 0 0 0 0 0 0 100  2
9 9854 (QJ8743) 65 D -- QJ8743 9854-65-9 6-4-2-1 0 0 0 0 0 0 0 0 0 0 0 50 0 50 0 5 0 0 100 50 50 0 0 0 0 0 0 0 0 50  2
9 9854 (QJ8743) 65 D ++ QJ8743 9854-65-9 6-4-2-1 0 0 0 0 0 0 0 0 0 0 0 50 0 0 50 5.5 0 0 100 0 100 0 0 0 0 0 0 0 0 100  2
9 9854 (QJ8743) 65 D NS QJ8743 9854-65-9 6-4-2-1 0 0 0 0 0 0 0 0 0 0 50 0 50 0 0 4 0 0 100 50 50 0 0 0 0 0 0 0 0 50  2
65 9 (QJ8743) 9854 D EW QJ8743 9854-65-9 6-4-2-1 0 0 0 0 0 0 0 0 0 0 0 0 50 0 50 6 0 0 100 0 100 0 0 0 0 0 0 0 0 100  2
65 9 (QJ8743) 9854 D -- QJ8743 9854-65-9 6-4-2-1 0 0 0 0 0 0 0 0 0 0 0 50 0 50 0 5 0 0 100 50 50 0 0 0 0 0 0 0 0 50  2
65 9 (QJ8743) 9854 D ++ QJ8743 9854-65-9 6-4-2-1 0 0 0 0 0 0 0 0 0 0 0 50 0 0 50 5.5 0 0 100 0 100 0 0 0 0 0 0 0 0 100  2
65 9 (QJ8743) 9854 D NS QJ8743 9854-65-9 6-4-2-1 0 0 0 0 0 0 0 0 0 0 50 0 50 0 0 4 0 0 100 50 50 0 0 0 0 0 0 0 0 50  2
9 65 (QJ8743) 9854 D EW QJ8743 9854-65-9 6-4-2-1 0 0 0 0 0 0 0 0 0 0 0 0 50 0 50 6 0 0 100 0 100 0 0 0 0 0 0 0 0 100  2
9 65 (QJ8743) 9854 D -- QJ8743 9854-65-9 6-4-2-1 0 0 0 0 0 0 0 0 0 0 0 50 0 50 0 5 0 0 100 50 50 0 0 0 0 0 0 0 0 50  2
9 65 (QJ8743) 9854 D ++ QJ8743 9854-65-9 6-4-2-1 0 0 0 0 0 0 0 0 0 0 0 50 0 0 50 5.5 0 0 100 0 100 0 0 0 0 0 0 0 0 100  2
9 65 (QJ8743) 9854 D NS QJ8743 9854-65-9 6-4-2-1 0 0 0 0 0 0 0 0 0 0 50 0 50 0 0 4 0 0 100 50 50 0 0 0 0 0 0 0 0 50  2
9854 65 9 (QJ8743) C EW QJ8743 9854-65-9 6-4-2-1 0 0 0 0 0 0 0 0 0 0 0 0 50 0 50 6 0 0 100 0 100 0 0 0 0 0 0 0 0 100  2
9854 65 9 (QJ8743) C -- QJ8743 9854-65-9 6-4-2-1 0 0 0 0 0 0 0 0 0 0 0 50 0 50 0 5 0 0 100 50 50 0 0 0 0 0 0 0 0 50  2
9854 65 9 (QJ8743) C ++ QJ8743 9854-65-9 6-4-2-1 0 0 0 0 0 0 0 0 0 0 0 50 0 0 50 5.5 0 0 100 0 100 0 0 0 0 0 0 0 0 100  2
9854 65 9 (QJ8743) C NS QJ8743 9854-65-9 6-4-2-1 0 0 0 0 0 0 0 0 0 0 50 0 50 0 0 4 0 0 100 50 50 0 0 0 0 0 0 0 0 50  2
9854 9 65 (QJ8743) C EW QJ8743 9854-65-9 6-4-2-1 0 0 0 0 0 0 0 0 0 0 0 0 50 0 50 6 0 0 100 0 100 0 0 0 0 0 0 0 0 100  2
9854 9 65 (QJ8743) C -- QJ8743 9854-65-9 6-4-2-1 0 0 0 0 0 0 0 0 0 0 0 50 0 50 0 5 0 0 100 50 50 0 0 0 0 0 0 0 0 50  2
9854 9 65 (QJ8743) C ++ QJ8743 9854-65-9 6-4-2-1 0 0 0 0 0 0 0 0 0 0 0 50 0 0 50 5.5 0 0 100 0 100 0 0 0 0 0 0 0 0 100  2
9854 9 65 (QJ8743) C NS QJ8743 9854-65-9 6-4-2-1 0 0 0 0 0 0 0 0 0 0 50 0 50 0 0 4 0 0 100 50 50 0 0 0 0 0 0 0 0 50  2
65 9854 9 (QJ8743) C EW QJ8743 9854-65-9 6-4-2-1 0 0 0 0 0 0 0 0 0 0 0 0 50 0 50 6 0 0 100 0 100 0 0 0 0 0 0 0 0 100  2
65 9854 9 (QJ8743) C -- QJ8743 9854-65-9 6-4-2-1 0 0 0 0 0 0 0 0 0 0 0 50 0 50 0 5 0 0 100 50 50 0 0 0 0 0 0 0 0 50  2
65 9854 9 (QJ8743) C ++ QJ8743 9854-65-9 6-4-2-1 0 0 0 0 0 0 0 0 0 0 0 50 0 0 50 5.5 0 0 100 0 100 0 0 0 0 0 0 0 0 100  2
65 9854 9 (QJ8743) C NS QJ8743 9854-65-9 6-4-2-1 0 0 0 0 0 0 0 0 0 0 50 0 50 0 0 4 0 0 100 50 50 0 0 0 0 0 0 0 0 50  2
9 9854 65 (QJ8743) C EW QJ8743 9854-65-9 6-4-2-1 0 0 0 0 0 0 0 0 0 0 0 0 50 0 50 6 0 0 100 0 100 0 0 0 0 0 0 0 0 100  2
9 9854 65 (QJ8743) C -- QJ8743 9854-65-9 6-4-2-1 0 0 0 0 0 0 0 0 0 0 0 50 0 50 0 5 0 0 100 50 50 0 0 0 0 0 0 0 0 50  2
9 9854 65 (QJ8743) C ++ QJ8743 9854-65-9 6-4-2-1 0 0 0 0 0 0 0 0 0 0 0 50 0 0 50 5.5 0 0 100 0 100 0 0 0 0 0 0 0 0 100  2
9 9854 65 (QJ8743) C NS QJ8743 9854-65-9 6-4-2-1 0 0 0 0 0 0 0 0 0 0 50 0 50 0 0 4 0 0 100 50 50 0 0 0 0 0 0 0 0 50  2
65 9 9854 (QJ8743) C EW QJ8743 9854-65-9 6-4-2-1 0 0 0 0 0 0 0 0 0 0 0 0 50 0 50 6 0 0 100 0 100 0 0 0 0 0 0 0 0 100  2
65 9 9854 (QJ8743) C -- QJ8743 9854-65-9 6-4-2-1 0 0 0 0 0 0 0 0 0 0 0 50 0 50 0 5 0 0 100 50 50 0 0 0 0 0 0 0 0 50  2
65 9 9854 (QJ8743) C ++ QJ8743 9854-65-9 6-4-2-1 0 0 0 0 0 0 0 0 0 0 0 50 0 0 50 5.5 0 0 100 0 100 0 0 0 0 0 0 0 0 100  2
65 9 9854 (QJ8743) C NS QJ8743 9854-65-9 6-4-2-1 0 0 0 0 0 0 0 0 0 0 50 0 50 0 0 4 0 0 100 50 50 0 0 0 0 0 0 0 0 50  2
9 65 9854 (QJ8743) C EW QJ8743 9854-65-9 6-4-2-1 0 0 0 0 0 0 0 0 0 0 0 0 50 0 50 6 0 0 100 0 100 0 0 0 0 0 0 0 0 100  2
9 65 9854 (QJ8743) C -- QJ8743 9854-65-9 6-4-2-1 0 0 0 0 0 0 0 0 0 0 0 50 0 50 0 5 0 0 100 50 50 0 0 0 0 0 0 0 0 50  2
9 65 9854 (QJ8743) C ++ QJ8743 9854-65-9 6-4-2-1 0 0 0 0 0 0 0 0 0 0 0 50 0 0 50 5.5 0 0 100 0 100 0 0 0 0 0 0 0 0 100  2
9 65 9854 (QJ8743) C NS QJ8743 9854-65-9 6-4-2-1 0 0 0 0 0 0 0 0 0 0 50 0 50 0 0 4 0 0 100 50 50 0 0 0 0 0 0 0 0 50  2
(QJ8743) AQ76 A4 3 S EW QJ8743 AQ76-A4-3 6-4-2-1 0 0 0 0 0 0 0 0 0 0 100 0 0 0 0 3 50 0 50 0 50 0 0 0 50 0 0 50 0 100  2
(QJ8743) AQ76 A4 3 S -- QJ8743 AQ76-A4-3 6-4-2-1 0 0 0 0 0 0 0 0 0 50 50 0 0 0 0 2.5 50 0 50 50 0 0 0 0 50 0 0 50 0 50  2
(QJ8743) AQ76 A4 3 S ++ QJ8743 AQ76-A4-3 6-4-2-1 0 0 0 0 0 0 0 0 0 50 50 0 0 0 0 2.5 50 0 50 50 0 0 0 0 50 0 0 50 0 50  2
(QJ8743) AQ76 A4 3 S NS QJ8743 AQ76-A4-3 6-4-2-1 0 0 0 0 0 0 0 0 50 0 50 0 0 0 0 2 50 0 50 50 0 0 0 0 50 0 0 50 0 50  2
(QJ8743) AQ76 3 A4 S EW QJ8743 AQ76-A4-3 6-4-2-1 0 0 0 0 0 0 0 0 0 0 100 0 0 0 0 3 50 0 50 0 50 0 0 0 50 0 0 50 0 100  2
(QJ8743) AQ76 3 A4 S -- QJ8743 AQ76-A4-3 6-4-2-1 0 0 0 0 0 0 0 0 0 50 50 0 0 0 0 2.5 50 0 50 50 0 0 0 0 50 0 0 50 0 50  2
(QJ8743) AQ76 3 A4 S ++ QJ8743 AQ76-A4-3 6-4-2-1 0 0 0 0 0 0 0 0 0 50 50 0 0 0 0 2.5 50 0 50 50 0 0 0 0 50 0 0 50 0 50  2
(QJ8743) AQ76 3 A4 S NS QJ8743 AQ76-A4-3 6-4-2-1 0 0 0 0 0 0 0 0 50 0 50 0 0 0 0 2 50 0 50 50 0 0 0 0 50 0 0 50 0 50  2
(QJ8743) A4 AQ76 3 S EW QJ8743 AQ76-A4-3 6-4-2-1 0 0 0 0 0 0 0 0 0 0 100 0 0 0 0 3 50 0 50 0 50 0 0 0 50 0 0 50 0 100  2
(QJ8743) A4 AQ76 3 S -- QJ8743 AQ76-A4-3 6-4-2-1 0 0 0 0 0 0 0 0 0 50 50 0 0 0 0 2.5 50 0 50 50 0 0 0 0 50 0 0 50 0 50  2
(QJ8743) A4 AQ76 3 S ++ QJ8743 AQ76-A4-3 6-4-2-1 0 0 0 0 0 0 0 0 0 50 50 0 0 0 0 2.5 50 0 50 50 0 0 0 0 50 0 0 50 0 50  2
(QJ8743) A4 AQ76 3 S NS QJ8743 AQ76-A4-3 6-4-2-1 0 0 0 0 0 0 0 0 50 0 50 0 0 0 0 2 50 0 50 50 0 0 0 0 50 0 0 50 0 50  2
(QJ8743) 3 AQ76 A4 S EW QJ8743 AQ76-A4-3 6-4-2-1 0 0 0 0 0 0 0 0 0 0 100 0 0 0 0 3 50 0 50 0 50 0 0 0 50 0 0 50 0 100  2
(QJ8743) 3 AQ76 A4 S -- QJ8743 AQ76-A4-3 6-4-2-1 0 0 0 0 0 0 0 0 0 50 50 0 0 0 0 2.5 50 0 50 50 0 0 0 0 50 0 0 50 0 50  2
(QJ8743) 3 AQ76 A4 S ++ QJ8743 AQ76-A4-3 6-4-2-1 0 0 0 0 0 0 0 0 0 50 50 0 0 0 0 2.5 50 0 50 50 0 0 0 0 50 0 0 50 0 50  2
(QJ8743) 3 AQ76 A4 S NS QJ8743 AQ76-A4-3 6-4-2-1 0 0 0 0 0 0 0 0 50 0 50 0 0 0 0 2 50 0 50 50 0 0 0 0 50 0 0 50 0 50  2
(QJ8743) A4 3 AQ76 S EW QJ8743 AQ76-A4-3 6-4-2-1 0 0 0 0 0 0 0 0 0 0 100 0 0 0 0 3 50 0 50 0 50 0 0 0 50 0 0 50 0 100  2
(QJ8743) A4 3 AQ76 S -- QJ8743 AQ76-A4-3 6-4-2-1 0 0 0 0 0 0 0 0 0 50 50 0 0 0 0 2.5 50 0 50 50 0 0 0 0 50 0 0 50 0 50  2
(QJ8743) A4 3 AQ76 S ++ QJ8743 AQ76-A4-3 6-4-2-1 0 0 0 0 0 0 0 0 0 50 50 0 0 0 0 2.5 50 0 50 50 0 0 0 0 50 0 0 50 0 50  2
(QJ8743) A4 3 AQ76 S NS QJ8743 AQ76-A4-3 6-4-2-1 0 0 0 0 0 0 0 0 50 0 50 0 0 0 0 2 50 0 50 50 0 0 0 0 50 0 0 50 0 50  2
(QJ8743) 3 A4 AQ76 S EW QJ8743 AQ76-A4-3 6-4-2-1 0 0 0 0 0 0 0 0 0 0 100 0 0 0 0 3 50 0 50 0 50 0 0 0 50 0 0 50 0 100  2
(QJ8743) 3 A4 AQ76 S -- QJ8743 AQ76-A4-3 6-4-2-1 0 0 0 0 0 0 0 0 0 50 50 0 0 0 0 2.5 50 0 50 50 0 0 0 0 50 0 0 50 0 50  2
(QJ8743) 3 A4 AQ76 S ++ QJ8743 AQ76-A4-3 6-4-2-1 0 0 0 0 0 0 0 0 0 50 50 0 0 0 0 2.5 50 0 50 50 0 0 0 0 50 0 0 50 0 50  2
(QJ8743) 3 A4 AQ76 S NS QJ8743 AQ76-A4-3 6-4-2-1 0 0 0 0 0 0 0 0 50 0 50 0 0 0 0 2 50 0 50 50 0 0 0 0 50 0 0 50 0 50  2
AQ76 (QJ8743) A4 3 H EW QJ8743 AQ76-A4-3 6-4-2-1 0 0 0 0 0 0 0 0 0 0 100 0 0 0 0 3 50 0 50 0 50 0 0 0 50 0 0 50 0 100  2
AQ76 (QJ8743) A4 3 H -- QJ8743 AQ76-A4-3 6-4-2-1 0 0 0 0 0 0 0 0 0 50 50 0 0 0 0 2.5 50 0 50 50 0 0 0 0 50 0 0 50 0 50  2
AQ76 (QJ8743) A4 3 H ++ QJ8743 AQ76-A4-3 6-4-2-1 0 0 0 0 0 0 0 0 0 50 50 0 0 0 0 2.5 50 0 50 50 0 0 0 0 50 0 0 50 0 50  2
AQ76 (QJ8743) A4 3 H NS QJ8743 AQ76-A4-3 6-4-2-1 0 0 0 0 0 0 0 0 50 0 50 0 0 0 0 2 50 0 50 50 0 0 0 0 50 0 0 50 0 50  2
AQ76 (QJ8743) 3 A4 H EW QJ8743 AQ76-A4-3 6-4-2-1 0 0 0 0 0 0 0 0 0 0 100 0 0 0 0 3 50 0 50 0 50 0 0 0 50 0 0 50 0 100  2
AQ76 (QJ8743) 3 A4 H -- QJ8743 AQ76-A4-3 6-4-2-1 0 0 0 0 0 0 0 0 0 50 50 0 0 0 0 2.5 50 0 50 50 0 0 0 0 50 0 0 50 0 50  2
AQ76 (QJ8743) 3 A4 H ++ QJ8743 AQ76-A4-3 6-4-2-1 0 0 0 0 0 0 0 0 0 50 50 0 0 0 0 2.5 50 0 50 50 0 0 0 0 50 0 0 50 0 50  2
AQ76 (QJ8743) 3 A4 H NS QJ8743 AQ76-A4-3 6-4-2-1 0 0 0 0 0 0 0 0 50 0 50 0 0 0 0 2 50 0 50 50 0 0 0 0 50 0 0 50 0 50  2
A4 (QJ8743) AQ76 3 H EW QJ8743 AQ76-A4-3 6-4-2-1 0 0 0 0 0 0 0 0 0 0 100 0 0 0 0 3 50 0 50 0 50 0 0 0 50 0 0 50 0 100  2
A4 (QJ8743) AQ76 3 H -- QJ8743 AQ76-A4-3 6-4-2-1 0 0 0 0 0 0 0 0 0 50 50 0 0 0 0 2.5 0 0 100 50 0 0 50 0 0 0 0 0 50 50  2
A4 (QJ8743) AQ76 3 H ++ QJ8743 AQ76-A4-3 6-4-2-1 0 0 0 0 0 0 0 0 0 50 50 0 0 0 0 2.5 50 0 50 50 0 0 0 0 50 0 0 50 0 50  2
A4 (QJ8743) AQ76 3 H NS QJ8743 AQ76-A4-3 6-4-2-1 0 0 0 0 0 0 0 0 50 0 50 0 0 0 0 2 0 0 100 50 0 0 50 0 0 0 0 0 50 50  2
3 (QJ8743) AQ76 A4 H EW QJ8743 AQ76-A4-3 6-4-2-1 0 0 0 0 0 0 0 0 0 0 100 0 0 0 0 3 50 0 50 50 0 0 0 0 50 0 0 50 0 50  2
3 (QJ8743) AQ76 A4 H -- QJ8743 AQ76-A4-3 6-4-2-1 0 0 0 0 0 0 0 0 0 50 50 0 0 0 0 2.5 50 0 50 50 0 0 0 0 50 0 0 50 0 50  2
3 (QJ8743) AQ76 A4 H ++ QJ8743 AQ76-A4-3 6-4-2-1 0 0 0 0 0 0 0 0 0 50 50 0 0 0 0 2.5 50 0 50 50 0 0 0 0 50 0 0 50 0 50  2
3 (QJ8743) AQ76 A4 H NS QJ8743 AQ76-A4-3 6-4-2-1 0 0 0 0 0 0 0 0 50 0 50 0 0 0 0 2 50 0 50 50 0 0 0 0 50 0 0 50 0 50  2
A4 (QJ8743) 3 AQ76 H EW QJ8743 AQ76-A4-3 6-4-2-1 0 0 0 0 0 0 0 0 0 0 100 0 0 0 0 3 50 0 50 0 50 0 0 0 50 0 0 50 0 100  2
A4 (QJ8743) 3 AQ76 H -- QJ8743 AQ76-A4-3 6-4-2-1 0 0 0 0 0 0 0 0 0 50 50 0 0 0 0 2.5 0 0 100 50 0 0 50 0 0 0 0 0 50 50  2
A4 (QJ8743) 3 AQ76 H ++ QJ8743 AQ76-A4-3 6-4-2-1 0 0 0 0 0 0 0 0 0 50 50 0 0 0 0 2.5 50 0 50 50 0 0 0 0 50 0 0 50 0 50  2
A4 (QJ8743) 3 AQ76 H NS QJ8743 AQ76-A4-3 6-4-2-1 0 0 0 0 0 0 0 0 50 0 50 0 0 0 0 2 0 0 100 50 0 0 50 0 0 0 0 0 50 50  2
3 (QJ8743) A4 AQ76 H EW QJ8743 AQ76-A4-3 6-4-2-1 0 0 0 0 0 0 0 0 0 0 100 0 0 0 0 3 50 0 50 50 0 0 0 0 50 0 0 50 0 50  2
3 (QJ8743) A4 AQ76 H -- QJ8743 AQ76-A4-3 6-4-2-1 0 0 0 0 0 0 0 0 0 50 50 0 0 0 0 2.5 50 0 50 50 0 0 0 0 50 0 0 50 0 50  2
3 (QJ8743) A4 AQ76 H ++ QJ8743 AQ76-A4-3 6-4-2-1 0 0 0 0 0 0 0 0 0 50 50 0 0 0 0 2.5 50 0 50 50 0 0 0 0 50 0 0 50 0 50  2
3 (QJ8743) A4 AQ76 H NS QJ8743 AQ76-A4-3 6-4-2-1 0 0 0 0 0 0 0 0 50 0 50 0 0 0 0 2 50 0 50 50 0 0 0 0 50 0 0 50 0 50  2
AQ76 A4 (QJ8743) 3 D EW QJ8743 AQ76-A4-3 6-4-2-1 0 0 0 0 0 0 0 0 0 0 100 0 0 0 0 3 50 0 50 0 50 0 0 0 50 0 0 50 0 100  2
AQ76 A4 (QJ8743) 3 D -- QJ8743 AQ76-A4-3 6-4-2-1 0 0 0 0 0 0 0 0 0 50 50 0 0 0 0 2.5 0 0 100 50 0 0 50 0 0 0 0 0 50 50  2
AQ76 A4 (QJ8743) 3 D ++ QJ8743 AQ76-A4-3 6-4-2-1 0 0 0 0 0 0 0 0 0 50 50 0 0 0 0 2.5 50 0 50 50 0 0 0 0 50 0 0 50 0 50  2
AQ76 A4 (QJ8743) 3 D NS QJ8743 AQ76-A4-3 6-4-2-1 0 0 0 0 0 0 0 0 50 0 50 0 0 0 0 2 0 0 100 50 0 0 50 0 0 0 0 0 50 50  2
AQ76 3 (QJ8743) A4 D EW QJ8743 AQ76-A4-3 6-4-2-1 0 0 0 0 0 0 0 0 0 0 100 0 0 0 0 3 50 0 50 50 0 0 0 0 50 0 0 50 0 50  2
AQ76 3 (QJ8743) A4 D -- QJ8743 AQ76-A4-3 6-4-2-1 0 0 0 0 0 0 0 0 0 50 50 0 0 0 0 2.5 50 0 50 50 0 0 0 0 50 0 0 50 0 50  2
AQ76 3 (QJ8743) A4 D ++ QJ8743 AQ76-A4-3 6-4-2-1 0 0 0 0 0 0 0 0 0 50 50 0 0 0 0 2.5 50 0 50 50 0 0 0 0 50 0 0 50 0 50  2
AQ76 3 (QJ8743) A4 D NS QJ8743 AQ76-A4-3 6-4-2-1 0 0 0 0 0 0 0 0 50 0 50 0 0 0 0 2 50 0 50 50 0 0 0 0 50 0 0 50 0 50  2
A4 AQ76 (QJ8743) 3 D EW QJ8743 AQ76-A4-3 6-4-2-1 0 0 0 0 0 0 0 0 0 0 100 0 0 0 0 3 50 0 50 0 50 0 0 0 50 0 0 50 0 100  2
A4 AQ76 (QJ8743) 3 D -- QJ8743 AQ76-A4-3 6-4-2-1 0 0 0 0 0 0 0 0 0 50 50 0 0 0 0 2.5 0 0 100 50 0 0 50 0 0 0 0 0 50 50  2
A4 AQ76 (QJ8743) 3 D ++ QJ8743 AQ76-A4-3 6-4-2-1 0 0 0 0 0 0 0 0 0 50 50 0 0 0 0 2.5 50 0 50 50 0 0 0 0 50 0 0 50 0 50  2
A4 AQ76 (QJ8743) 3 D NS QJ8743 AQ76-A4-3 6-4-2-1 0 0 0 0 0 0 0 0 50 0 50 0 0 0 0 2 0 0 100 50 0 0 50 0 0 0 0 0 50 50  2
3 AQ76 (QJ8743) A4 D EW QJ8743 AQ76-A4-3 6-4-2-1 0 0 0 0 0 0 0 0 0 0 100 0 0 0 0 3 50 0 50 50 0 0 0 0 50 0 0 50 0 50  2
3 AQ76 (QJ8743) A4 D -- QJ8743 AQ76-A4-3 6-4-2-1 0 0 0 0 0 0 0 0 0 50 50 0 0 0 0 2.5 50 0 50 50 0 0 0 0 50 0 0 50 0 50  2
3 AQ76 (QJ8743) A4 D ++ QJ8743 AQ76-A4-3 6-4-2-1 0 0 0 0 0 0 0 0 0 50 50 0 0 0 0 2.5 50 0 50 50 0 0 0 0 50 0 0 50 0 50  2
3 AQ76 (QJ8743) A4 D NS QJ8743 AQ76-A4-3 6-4-2-1 0 0 0 0 0 0 0 0 50 0 50 0 0 0 0 2 50 0 50 50 0 0 0 0 50 0 0 50 0 50  2
A4 3 (QJ8743) AQ76 D EW QJ8743 AQ76-A4-3 6-4-2-1 0 0 0 0 0 0 0 0 0 0 100 0 0 0 0 3 50 0 50 50 0 0 0 0 50 0 0 50 0 50  2
A4 3 (QJ8743) AQ76 D -- QJ8743 AQ76-A4-3 6-4-2-1 0 0 0 0 0 0 0 0 0 50 50 0 0 0 0 2.5 0 0 100 50 0 0 50 0 0 0 0 0 50 50  2
A4 3 (QJ8743) AQ76 D ++ QJ8743 AQ76-A4-3 6-4-2-1 0 0 0 0 0 0 0 0 0 50 50 0 0 0 0 2.5 50 0 50 50 0 0 0 0 50 0 0 50 0 50  2
A4 3 (QJ8743) AQ76 D NS QJ8743 AQ76-A4-3 6-4-2-1 0 0 0 0 0 0 0 0 50 0 50 0 0 0 0 2 0 0 100 50 0 0 50 0 0 0 0 0 50 50  2
3 A4 (QJ8743) AQ76 D EW QJ8743 AQ76-A4-3 6-4-2-1 0 0 0 0 0 0 0 0 0 0 100 0 0 0 0 3 50 0 50 50 0 0 0 0 50 0 0 50 0 50  2
3 A4 (QJ8743) AQ76 D -- QJ8743 AQ76-A4-3 6-4-2-1 0 0 0 0 0 0 0 0 0 50 50 0 0 0 0 2.5 0 0 100 50 0 0 50 0 0 0 0 0 50 50  2
3 A4 (QJ8743) AQ76 D ++ QJ8743 AQ76-A4-3 6-4-2-1 0 0 0 0 0 0 0 0 0 50 50 0 0 0 0 2.5 50 0 50 50 0 0 0 0 50 0 0 50 0 50  2
3 A4 (QJ8743) AQ76 D NS QJ8743 AQ76-A4-3 6-4-2-1 0 0 0 0 0 0 0 0 50 0 50 0 0 0 0 2 0 0 100 50 0 0 50 0 0 0 0 0 50 50  2
AQ76 A4 3 (QJ8743) C EW QJ8743 AQ76-A4-3 6-4-2-1 0 0 0 0 0 0 0 0 0 0 100 0 0 0 0 3 50 0 50 0 50 0 0 0 50 0 0 50 0 100  2
AQ76 A4 3 (QJ8743) C -- QJ8743 AQ76-A4-3 6-4-2-1 0 0 0 0 0 0 0 0 0 50 50 0 0 0 0 2.5 0 0 100 50 0 0 50 0 0 0 0 0 50 50  2
AQ76 A4 3 (QJ8743) C ++ QJ8743 AQ76-A4-3 6-4-2-1 0 0 0 0 0 0 0 0 0 50 50 0 0 0 0 2.5 50 0 50 50 0 0 0 0 50 0 0 50 0 50  2
AQ76 A4 3 (QJ8743) C NS QJ8743 AQ76-A4-3 6-4-2-1 0 0 0 0 0 0 0 0 50 0 50 0 0 0 0 2 0 0 100 50 0 0 50 0 0 0 0 0 50 50  2
AQ76 3 A4 (QJ8743) C EW QJ8743 AQ76-A4-3 6-4-2-1 0 0 0 0 0 0 0 0 0 0 100 0 0 0 0 3 50 0 50 50 0 0 0 0 50 0 0 50 0 50  2
AQ76 3 A4 (QJ8743) C -- QJ8743 AQ76-A4-3 6-4-2-1 0 0 0 0 0 0 0 0 0 50 50 0 0 0 0 2.5 0 0 100 50 0 0 50 0 0 0 0 0 50 50  2
AQ76 3 A4 (QJ8743) C ++ QJ8743 AQ76-A4-3 6-4-2-1 0 0 0 0 0 0 0 0 0 50 50 0 0 0 0 2.5 50 0 50 50 0 0 0 0 50 0 0 50 0 50  2
AQ76 3 A4 (QJ8743) C NS QJ8743 AQ76-A4-3 6-4-2-1 0 0 0 0 0 0 0 0 50 0 50 0 0 0 0 2 0 0 100 50 0 0 50 0 0 0 0 0 50 50  2
A4 AQ76 3 (QJ8743) C EW QJ8743 AQ76-A4-3 6-4-2-1 0 0 0 0 0 0 0 0 0 0 100 0 0 0 0 3 50 0 50 0 50 0 0 0 50 0 0 50 0 100  2
A4 AQ76 3 (QJ8743) C -- QJ8743 AQ76-A4-3 6-4-2-1 0 0 0 0 0 0 0 0 0 50 50 0 0 0 0 2.5 0 0 100 50 0 0 50 0 0 0 0 0 50 50  2
A4 AQ76 3 (QJ8743) C ++ QJ8743 AQ76-A4-3 6-4-2-1 0 0 0 0 0 0 0 0 0 50 50 0 0 0 0 2.5 50 0 50 50 0 0 0 0 50 0 0 50 0 50  2
A4 AQ76 3 (QJ8743) C NS QJ8743 AQ76-A4-3 6-4-2-1 0 0 0 0 0 0 0 0 50 0 50 0 0 0 0 2 0 0 100 50 0 0 50 0 0 0 0 0 50 50  2
3 AQ76 A4 (QJ8743) C EW QJ8743 AQ76-A4-3 6-4-2-1 0 0 0 0 0 0 0 0 0 0 100 0 0 0 0 3 50 0 50 50 0 0 0 0 50 0 0 50 0 50  2
3 AQ76 A4 (QJ8743) C -- QJ8743 AQ76-A4-3 6-4-2-1 0 0 0 0 0 0 0 0 0 50 50 0 0 0 0 2.5 0 0 100 50 0 0 50 0 0 0 0 0 50 50  2
3 AQ76 A4 (QJ8743) C ++ QJ8743 AQ76-A4-3 6-4-2-1 0 0 0 0 0 0 0 0 0 50 50 0 0 0 0 2.5 50 0 50 50 0 0 0 0 50 0 0 50 0 50  2
3 AQ76 A4 (QJ8743) C NS QJ8743 AQ76-A4-3 6-4-2-1 0 0 0 0 0 0 0 0 50 0 50 0 0 0 0 2 0 0 100 50 0 0 50 0 0 0 0 0 50 50  2
A4 3 AQ76 (QJ8743) C EW QJ8743 AQ76-A4-3 6-4-2-1 0 0 0 0 0 0 0 0 0 0 100 0 0 0 0 3 50 0 50 50 0 0 0 0 50 0 0 50 0 50  2
A4 3 AQ76 (QJ8743) C -- QJ8743 AQ76-A4-3 6-4-2-1 0 0 0 0 0 0 0 0 0 50 50 0 0 0 0 2.5 0 0 100 50 0 0 50 0 0 0 0 0 50 50  2
A4 3 AQ76 (QJ8743) C ++ QJ8743 AQ76-A4-3 6-4-2-1 0 0 0 0 0 0 0 0 0 50 50 0 0 0 0 2.5 50 0 50 50 0 0 0 0 50 0 0 50 0 50  2
A4 3 AQ76 (QJ8743) C NS QJ8743 AQ76-A4-3 6-4-2-1 0 0 0 0 0 0 0 0 50 0 50 0 0 0 0 2 0 0 100 50 0 0 50 0 0 0 0 0 50 50  2
3 A4 AQ76 (QJ8743) C EW QJ8743 AQ76-A4-3 6-4-2-1 0 0 0 0 0 0 0 0 0 0 100 0 0 0 0 3 50 0 50 50 0 0 0 0 50 0 0 50 0 50  2
3 A4 AQ76 (QJ8743) C -- QJ8743 AQ76-A4-3 6-4-2-1 0 0 0 0 0 0 0 0 0 50 50 0 0 0 0 2.5 0 0 100 50 0 0 50 0 0 0 0 0 50 50  2
3 A4 AQ76 (QJ8743) C ++ QJ8743 AQ76-A4-3 6-4-2-1 0 0 0 0 0 0 0 0 0 50 50 0 0 0 0 2.5 50 0 50 50 0 0 0 0 50 0 0 50 0 50  2
3 A4 AQ76 (QJ8743) C NS QJ8743 AQ76-A4-3 6-4-2-1 0 0 0 0 0 0 0 0 50 0 50 0 0 0 0 2 0 0 100 50 0 0 50 0 0 0 0 0 50 50  2
