S H D C Bid Vul Combo OtherCombo HandPattern NO -6 -5 -4 -3 -2 -1 0 1 2 3 4 5 6 7 avg ParPos ParNeg noPar b000 b001 b010 b011 b100 b101 b110 b111 b1xx bx1x bxx1  Cnt
(KJT954) 8765 T3 J S EW KJT954 8765-T3-J 6-4-2-1 0 0 0 0 0 0 0 0 100 0 0 0 0 0 0 1 0 0 100 100 0 0 0 0 0 0 0 0 0 0  1
(KJT954) 8765 T3 J S -- KJT954 8765-T3-J 6-4-2-1 0 0 0 0 0 0 0 100 0 0 0 0 0 0 0 0 0 0 100 100 0 0 0 0 0 0 0 0 0 0  1
(KJT954) 8765 T3 J S ++ KJT954 8765-T3-J 6-4-2-1 0 0 0 0 0 0 0 100 0 0 0 0 0 0 0 0 0 0 100 100 0 0 0 0 0 0 0 0 0 0  1
(KJT954) 8765 T3 J S NS KJT954 8765-T3-J 6-4-2-1 0 0 0 0 0 0 100 0 0 0 0 0 0 0 0 -1 0 0 100 100 0 0 0 0 0 0 0 0 0 0  1
(KJT954) 8765 J T3 S EW KJT954 8765-T3-J 6-4-2-1 0 0 0 0 0 0 0 0 100 0 0 0 0 0 0 1 0 0 100 100 0 0 0 0 0 0 0 0 0 0  1
(KJT954) 8765 J T3 S -- KJT954 8765-T3-J 6-4-2-1 0 0 0 0 0 0 0 100 0 0 0 0 0 0 0 0 0 0 100 100 0 0 0 0 0 0 0 0 0 0  1
(KJT954) 8765 J T3 S ++ KJT954 8765-T3-J 6-4-2-1 0 0 0 0 0 0 0 100 0 0 0 0 0 0 0 0 0 0 100 100 0 0 0 0 0 0 0 0 0 0  1
(KJT954) 8765 J T3 S NS KJT954 8765-T3-J 6-4-2-1 0 0 0 0 0 0 100 0 0 0 0 0 0 0 0 -1 0 0 100 100 0 0 0 0 0 0 0 0 0 0  1
(KJT954) T3 8765 J S EW KJT954 8765-T3-J 6-4-2-1 0 0 0 0 0 0 0 0 100 0 0 0 0 0 0 1 0 0 100 100 0 0 0 0 0 0 0 0 0 0  1
(KJT954) T3 8765 J S -- KJT954 8765-T3-J 6-4-2-1 0 0 0 0 0 0 0 100 0 0 0 0 0 0 0 0 0 0 100 100 0 0 0 0 0 0 0 0 0 0  1
(KJT954) T3 8765 J S ++ KJT954 8765-T3-J 6-4-2-1 0 0 0 0 0 0 0 100 0 0 0 0 0 0 0 0 0 0 100 100 0 0 0 0 0 0 0 0 0 0  1
(KJT954) T3 8765 J S NS KJT954 8765-T3-J 6-4-2-1 0 0 0 0 0 0 100 0 0 0 0 0 0 0 0 -1 0 0 100 100 0 0 0 0 0 0 0 0 0 0  1
(KJT954) J 8765 T3 S EW KJT954 8765-T3-J 6-4-2-1 0 0 0 0 0 0 0 0 100 0 0 0 0 0 0 1 0 0 100 100 0 0 0 0 0 0 0 0 0 0  1
(KJT954) J 8765 T3 S -- KJT954 8765-T3-J 6-4-2-1 0 0 0 0 0 0 0 100 0 0 0 0 0 0 0 0 0 0 100 100 0 0 0 0 0 0 0 0 0 0  1
(KJT954) J 8765 T3 S ++ KJT954 8765-T3-J 6-4-2-1 0 0 0 0 0 0 0 100 0 0 0 0 0 0 0 0 0 0 100 100 0 0 0 0 0 0 0 0 0 0  1
(KJT954) J 8765 T3 S NS KJT954 8765-T3-J 6-4-2-1 0 0 0 0 0 0 100 0 0 0 0 0 0 0 0 -1 0 0 100 100 0 0 0 0 0 0 0 0 0 0  1
(KJT954) T3 J 8765 S EW KJT954 8765-T3-J 6-4-2-1 0 0 0 0 0 0 0 0 100 0 0 0 0 0 0 1 0 0 100 100 0 0 0 0 0 0 0 0 0 0  1
(KJT954) T3 J 8765 S -- KJT954 8765-T3-J 6-4-2-1 0 0 0 0 0 0 0 100 0 0 0 0 0 0 0 0 0 0 100 100 0 0 0 0 0 0 0 0 0 0  1
(KJT954) T3 J 8765 S ++ KJT954 8765-T3-J 6-4-2-1 0 0 0 0 0 0 0 100 0 0 0 0 0 0 0 0 0 0 100 100 0 0 0 0 0 0 0 0 0 0  1
(KJT954) T3 J 8765 S NS KJT954 8765-T3-J 6-4-2-1 0 0 0 0 0 0 100 0 0 0 0 0 0 0 0 -1 0 0 100 100 0 0 0 0 0 0 0 0 0 0  1
(KJT954) J T3 8765 S EW KJT954 8765-T3-J 6-4-2-1 0 0 0 0 0 0 0 0 100 0 0 0 0 0 0 1 0 0 100 100 0 0 0 0 0 0 0 0 0 0  1
(KJT954) J T3 8765 S -- KJT954 8765-T3-J 6-4-2-1 0 0 0 0 0 0 0 100 0 0 0 0 0 0 0 0 0 0 100 100 0 0 0 0 0 0 0 0 0 0  1
(KJT954) J T3 8765 S ++ KJT954 8765-T3-J 6-4-2-1 0 0 0 0 0 0 0 100 0 0 0 0 0 0 0 0 0 0 100 100 0 0 0 0 0 0 0 0 0 0  1
(KJT954) J T3 8765 S NS KJT954 8765-T3-J 6-4-2-1 0 0 0 0 0 0 100 0 0 0 0 0 0 0 0 -1 0 0 100 100 0 0 0 0 0 0 0 0 0 0  1
8765 (KJT954) T3 J H EW KJT954 8765-T3-J 6-4-2-1 0 0 0 0 0 0 0 0 100 0 0 0 0 0 0 1 0 0 100 100 0 0 0 0 0 0 0 0 0 0  1
8765 (KJT954) T3 J H -- KJT954 8765-T3-J 6-4-2-1 0 0 0 0 0 0 0 100 0 0 0 0 0 0 0 0 0 0 100 100 0 0 0 0 0 0 0 0 0 0  1
8765 (KJT954) T3 J H ++ KJT954 8765-T3-J 6-4-2-1 0 0 0 0 0 0 0 100 0 0 0 0 0 0 0 0 0 0 100 100 0 0 0 0 0 0 0 0 0 0  1
8765 (KJT954) T3 J H NS KJT954 8765-T3-J 6-4-2-1 0 0 0 0 0 0 100 0 0 0 0 0 0 0 0 -1 0 0 100 100 0 0 0 0 0 0 0 0 0 0  1
8765 (KJT954) J T3 H EW KJT954 8765-T3-J 6-4-2-1 0 0 0 0 0 0 0 0 100 0 0 0 0 0 0 1 0 0 100 100 0 0 0 0 0 0 0 0 0 0  1
8765 (KJT954) J T3 H -- KJT954 8765-T3-J 6-4-2-1 0 0 0 0 0 0 0 100 0 0 0 0 0 0 0 0 0 0 100 100 0 0 0 0 0 0 0 0 0 0  1
8765 (KJT954) J T3 H ++ KJT954 8765-T3-J 6-4-2-1 0 0 0 0 0 0 0 100 0 0 0 0 0 0 0 0 0 0 100 100 0 0 0 0 0 0 0 0 0 0  1
8765 (KJT954) J T3 H NS KJT954 8765-T3-J 6-4-2-1 0 0 0 0 0 0 100 0 0 0 0 0 0 0 0 -1 0 0 100 100 0 0 0 0 0 0 0 0 0 0  1
T3 (KJT954) 8765 J H EW KJT954 8765-T3-J 6-4-2-1 0 0 0 0 0 0 0 0 100 0 0 0 0 0 0 1 0 0 100 100 0 0 0 0 0 0 0 0 0 0  1
T3 (KJT954) 8765 J H -- KJT954 8765-T3-J 6-4-2-1 0 0 0 0 0 0 0 100 0 0 0 0 0 0 0 0 0 0 100 100 0 0 0 0 0 0 0 0 0 0  1
T3 (KJT954) 8765 J H ++ KJT954 8765-T3-J 6-4-2-1 0 0 0 0 0 0 0 100 0 0 0 0 0 0 0 0 0 0 100 100 0 0 0 0 0 0 0 0 0 0  1
T3 (KJT954) 8765 J H NS KJT954 8765-T3-J 6-4-2-1 0 0 0 0 0 0 100 0 0 0 0 0 0 0 0 -1 0 0 100 100 0 0 0 0 0 0 0 0 0 0  1
J (KJT954) 8765 T3 H EW KJT954 8765-T3-J 6-4-2-1 0 0 0 0 0 0 0 0 100 0 0 0 0 0 0 1 0 0 100 100 0 0 0 0 0 0 0 0 0 0  1
J (KJT954) 8765 T3 H -- KJT954 8765-T3-J 6-4-2-1 0 0 0 0 0 0 0 100 0 0 0 0 0 0 0 0 0 0 100 100 0 0 0 0 0 0 0 0 0 0  1
J (KJT954) 8765 T3 H ++ KJT954 8765-T3-J 6-4-2-1 0 0 0 0 0 0 0 100 0 0 0 0 0 0 0 0 0 0 100 100 0 0 0 0 0 0 0 0 0 0  1
J (KJT954) 8765 T3 H NS KJT954 8765-T3-J 6-4-2-1 0 0 0 0 0 0 100 0 0 0 0 0 0 0 0 -1 0 0 100 100 0 0 0 0 0 0 0 0 0 0  1
T3 (KJT954) J 8765 H EW KJT954 8765-T3-J 6-4-2-1 0 0 0 0 0 0 0 0 100 0 0 0 0 0 0 1 0 0 100 100 0 0 0 0 0 0 0 0 0 0  1
T3 (KJT954) J 8765 H -- KJT954 8765-T3-J 6-4-2-1 0 0 0 0 0 0 0 100 0 0 0 0 0 0 0 0 0 0 100 100 0 0 0 0 0 0 0 0 0 0  1
T3 (KJT954) J 8765 H ++ KJT954 8765-T3-J 6-4-2-1 0 0 0 0 0 0 0 100 0 0 0 0 0 0 0 0 0 0 100 100 0 0 0 0 0 0 0 0 0 0  1
T3 (KJT954) J 8765 H NS KJT954 8765-T3-J 6-4-2-1 0 0 0 0 0 0 100 0 0 0 0 0 0 0 0 -1 0 0 100 100 0 0 0 0 0 0 0 0 0 0  1
J (KJT954) T3 8765 H EW KJT954 8765-T3-J 6-4-2-1 0 0 0 0 0 0 0 0 100 0 0 0 0 0 0 1 0 0 100 100 0 0 0 0 0 0 0 0 0 0  1
J (KJT954) T3 8765 H -- KJT954 8765-T3-J 6-4-2-1 0 0 0 0 0 0 0 100 0 0 0 0 0 0 0 0 0 0 100 100 0 0 0 0 0 0 0 0 0 0  1
J (KJT954) T3 8765 H ++ KJT954 8765-T3-J 6-4-2-1 0 0 0 0 0 0 0 100 0 0 0 0 0 0 0 0 0 0 100 100 0 0 0 0 0 0 0 0 0 0  1
J (KJT954) T3 8765 H NS KJT954 8765-T3-J 6-4-2-1 0 0 0 0 0 0 100 0 0 0 0 0 0 0 0 -1 0 0 100 100 0 0 0 0 0 0 0 0 0 0  1
8765 T3 (KJT954) J D EW KJT954 8765-T3-J 6-4-2-1 0 0 0 0 0 0 0 0 100 0 0 0 0 0 0 1 0 0 100 100 0 0 0 0 0 0 0 0 0 0  1
8765 T3 (KJT954) J D -- KJT954 8765-T3-J 6-4-2-1 0 0 0 0 0 0 0 100 0 0 0 0 0 0 0 0 0 0 100 100 0 0 0 0 0 0 0 0 0 0  1
8765 T3 (KJT954) J D ++ KJT954 8765-T3-J 6-4-2-1 0 0 0 0 0 0 0 100 0 0 0 0 0 0 0 0 0 0 100 100 0 0 0 0 0 0 0 0 0 0  1
8765 T3 (KJT954) J D NS KJT954 8765-T3-J 6-4-2-1 0 0 0 0 0 0 100 0 0 0 0 0 0 0 0 -1 0 0 100 100 0 0 0 0 0 0 0 0 0 0  1
8765 J (KJT954) T3 D EW KJT954 8765-T3-J 6-4-2-1 0 0 0 0 0 0 0 0 100 0 0 0 0 0 0 1 0 0 100 100 0 0 0 0 0 0 0 0 0 0  1
8765 J (KJT954) T3 D -- KJT954 8765-T3-J 6-4-2-1 0 0 0 0 0 0 0 100 0 0 0 0 0 0 0 0 0 0 100 100 0 0 0 0 0 0 0 0 0 0  1
8765 J (KJT954) T3 D ++ KJT954 8765-T3-J 6-4-2-1 0 0 0 0 0 0 0 100 0 0 0 0 0 0 0 0 0 0 100 100 0 0 0 0 0 0 0 0 0 0  1
8765 J (KJT954) T3 D NS KJT954 8765-T3-J 6-4-2-1 0 0 0 0 0 0 100 0 0 0 0 0 0 0 0 -1 0 0 100 100 0 0 0 0 0 0 0 0 0 0  1
T3 8765 (KJT954) J D EW KJT954 8765-T3-J 6-4-2-1 0 0 0 0 0 0 0 0 100 0 0 0 0 0 0 1 0 0 100 100 0 0 0 0 0 0 0 0 0 0  1
T3 8765 (KJT954) J D -- KJT954 8765-T3-J 6-4-2-1 0 0 0 0 0 0 0 100 0 0 0 0 0 0 0 0 0 0 100 100 0 0 0 0 0 0 0 0 0 0  1
T3 8765 (KJT954) J D ++ KJT954 8765-T3-J 6-4-2-1 0 0 0 0 0 0 0 100 0 0 0 0 0 0 0 0 0 0 100 100 0 0 0 0 0 0 0 0 0 0  1
T3 8765 (KJT954) J D NS KJT954 8765-T3-J 6-4-2-1 0 0 0 0 0 0 100 0 0 0 0 0 0 0 0 -1 0 0 100 100 0 0 0 0 0 0 0 0 0 0  1
J 8765 (KJT954) T3 D EW KJT954 8765-T3-J 6-4-2-1 0 0 0 0 0 0 0 0 100 0 0 0 0 0 0 1 0 0 100 100 0 0 0 0 0 0 0 0 0 0  1
J 8765 (KJT954) T3 D -- KJT954 8765-T3-J 6-4-2-1 0 0 0 0 0 0 0 100 0 0 0 0 0 0 0 0 0 0 100 100 0 0 0 0 0 0 0 0 0 0  1
J 8765 (KJT954) T3 D ++ KJT954 8765-T3-J 6-4-2-1 0 0 0 0 0 0 0 100 0 0 0 0 0 0 0 0 0 0 100 100 0 0 0 0 0 0 0 0 0 0  1
J 8765 (KJT954) T3 D NS KJT954 8765-T3-J 6-4-2-1 0 0 0 0 0 0 100 0 0 0 0 0 0 0 0 -1 0 0 100 100 0 0 0 0 0 0 0 0 0 0  1
T3 J (KJT954) 8765 D EW KJT954 8765-T3-J 6-4-2-1 0 0 0 0 0 0 0 0 100 0 0 0 0 0 0 1 0 0 100 100 0 0 0 0 0 0 0 0 0 0  1
T3 J (KJT954) 8765 D -- KJT954 8765-T3-J 6-4-2-1 0 0 0 0 0 0 0 100 0 0 0 0 0 0 0 0 0 0 100 100 0 0 0 0 0 0 0 0 0 0  1
T3 J (KJT954) 8765 D ++ KJT954 8765-T3-J 6-4-2-1 0 0 0 0 0 0 0 100 0 0 0 0 0 0 0 0 0 0 100 100 0 0 0 0 0 0 0 0 0 0  1
T3 J (KJT954) 8765 D NS KJT954 8765-T3-J 6-4-2-1 0 0 0 0 0 0 100 0 0 0 0 0 0 0 0 -1 0 0 100 100 0 0 0 0 0 0 0 0 0 0  1
J T3 (KJT954) 8765 D EW KJT954 8765-T3-J 6-4-2-1 0 0 0 0 0 0 0 0 100 0 0 0 0 0 0 1 0 0 100 100 0 0 0 0 0 0 0 0 0 0  1
J T3 (KJT954) 8765 D -- KJT954 8765-T3-J 6-4-2-1 0 0 0 0 0 0 0 100 0 0 0 0 0 0 0 0 0 0 100 100 0 0 0 0 0 0 0 0 0 0  1
J T3 (KJT954) 8765 D ++ KJT954 8765-T3-J 6-4-2-1 0 0 0 0 0 0 0 100 0 0 0 0 0 0 0 0 0 0 100 100 0 0 0 0 0 0 0 0 0 0  1
J T3 (KJT954) 8765 D NS KJT954 8765-T3-J 6-4-2-1 0 0 0 0 0 0 100 0 0 0 0 0 0 0 0 -1 0 0 100 100 0 0 0 0 0 0 0 0 0 0  1
8765 T3 J (KJT954) C EW KJT954 8765-T3-J 6-4-2-1 0 0 0 0 0 0 0 0 100 0 0 0 0 0 0 1 0 0 100 100 0 0 0 0 0 0 0 0 0 0  1
8765 T3 J (KJT954) C -- KJT954 8765-T3-J 6-4-2-1 0 0 0 0 0 0 0 100 0 0 0 0 0 0 0 0 0 0 100 100 0 0 0 0 0 0 0 0 0 0  1
8765 T3 J (KJT954) C ++ KJT954 8765-T3-J 6-4-2-1 0 0 0 0 0 0 0 100 0 0 0 0 0 0 0 0 0 0 100 100 0 0 0 0 0 0 0 0 0 0  1
8765 T3 J (KJT954) C NS KJT954 8765-T3-J 6-4-2-1 0 0 0 0 0 0 100 0 0 0 0 0 0 0 0 -1 0 0 100 100 0 0 0 0 0 0 0 0 0 0  1
8765 J T3 (KJT954) C EW KJT954 8765-T3-J 6-4-2-1 0 0 0 0 0 0 0 0 100 0 0 0 0 0 0 1 0 0 100 100 0 0 0 0 0 0 0 0 0 0  1
8765 J T3 (KJT954) C -- KJT954 8765-T3-J 6-4-2-1 0 0 0 0 0 0 0 100 0 0 0 0 0 0 0 0 0 0 100 100 0 0 0 0 0 0 0 0 0 0  1
8765 J T3 (KJT954) C ++ KJT954 8765-T3-J 6-4-2-1 0 0 0 0 0 0 0 100 0 0 0 0 0 0 0 0 0 0 100 100 0 0 0 0 0 0 0 0 0 0  1
8765 J T3 (KJT954) C NS KJT954 8765-T3-J 6-4-2-1 0 0 0 0 0 0 100 0 0 0 0 0 0 0 0 -1 0 0 100 100 0 0 0 0 0 0 0 0 0 0  1
T3 8765 J (KJT954) C EW KJT954 8765-T3-J 6-4-2-1 0 0 0 0 0 0 0 0 100 0 0 0 0 0 0 1 0 0 100 100 0 0 0 0 0 0 0 0 0 0  1
T3 8765 J (KJT954) C -- KJT954 8765-T3-J 6-4-2-1 0 0 0 0 0 0 0 100 0 0 0 0 0 0 0 0 0 0 100 100 0 0 0 0 0 0 0 0 0 0  1
T3 8765 J (KJT954) C ++ KJT954 8765-T3-J 6-4-2-1 0 0 0 0 0 0 0 100 0 0 0 0 0 0 0 0 0 0 100 100 0 0 0 0 0 0 0 0 0 0  1
T3 8765 J (KJT954) C NS KJT954 8765-T3-J 6-4-2-1 0 0 0 0 0 0 100 0 0 0 0 0 0 0 0 -1 0 0 100 100 0 0 0 0 0 0 0 0 0 0  1
J 8765 T3 (KJT954) C EW KJT954 8765-T3-J 6-4-2-1 0 0 0 0 0 0 0 0 100 0 0 0 0 0 0 1 0 0 100 100 0 0 0 0 0 0 0 0 0 0  1
J 8765 T3 (KJT954) C -- KJT954 8765-T3-J 6-4-2-1 0 0 0 0 0 0 0 100 0 0 0 0 0 0 0 0 0 0 100 100 0 0 0 0 0 0 0 0 0 0  1
J 8765 T3 (KJT954) C ++ KJT954 8765-T3-J 6-4-2-1 0 0 0 0 0 0 0 100 0 0 0 0 0 0 0 0 0 0 100 100 0 0 0 0 0 0 0 0 0 0  1
J 8765 T3 (KJT954) C NS KJT954 8765-T3-J 6-4-2-1 0 0 0 0 0 0 100 0 0 0 0 0 0 0 0 -1 0 0 100 100 0 0 0 0 0 0 0 0 0 0  1
T3 J 8765 (KJT954) C EW KJT954 8765-T3-J 6-4-2-1 0 0 0 0 0 0 0 0 100 0 0 0 0 0 0 1 0 0 100 100 0 0 0 0 0 0 0 0 0 0  1
T3 J 8765 (KJT954) C -- KJT954 8765-T3-J 6-4-2-1 0 0 0 0 0 0 0 100 0 0 0 0 0 0 0 0 0 0 100 100 0 0 0 0 0 0 0 0 0 0  1
T3 J 8765 (KJT954) C ++ KJT954 8765-T3-J 6-4-2-1 0 0 0 0 0 0 0 100 0 0 0 0 0 0 0 0 0 0 100 100 0 0 0 0 0 0 0 0 0 0  1
T3 J 8765 (KJT954) C NS KJT954 8765-T3-J 6-4-2-1 0 0 0 0 0 0 100 0 0 0 0 0 0 0 0 -1 0 0 100 100 0 0 0 0 0 0 0 0 0 0  1
J T3 8765 (KJT954) C EW KJT954 8765-T3-J 6-4-2-1 0 0 0 0 0 0 0 0 100 0 0 0 0 0 0 1 0 0 100 100 0 0 0 0 0 0 0 0 0 0  1
J T3 8765 (KJT954) C -- KJT954 8765-T3-J 6-4-2-1 0 0 0 0 0 0 0 100 0 0 0 0 0 0 0 0 0 0 100 100 0 0 0 0 0 0 0 0 0 0  1
J T3 8765 (KJT954) C ++ KJT954 8765-T3-J 6-4-2-1 0 0 0 0 0 0 0 100 0 0 0 0 0 0 0 0 0 0 100 100 0 0 0 0 0 0 0 0 0 0  1
J T3 8765 (KJT954) C NS KJT954 8765-T3-J 6-4-2-1 0 0 0 0 0 0 100 0 0 0 0 0 0 0 0 -1 0 0 100 100 0 0 0 0 0 0 0 0 0 0  1
