S H D C Bid Vul Combo OtherCombo HandPattern NO -6 -5 -4 -3 -2 -1 0 1 2 3 4 5 6 7 avg ParPos ParNeg noPar b000 b001 b010 b011 b100 b101 b110 b111 b1xx bx1x bxx1  Cnt
(KT6532) 9653 K4 2 S EW KT6532 9653-K4-2 6-4-2-1 0 0 0 0 0 0 0 0 10 10 40 30 10 0 0 3.2 60 10 30 0 30 0 0 0 60 0 10 70 10 100  10
(KT6532) 9653 K4 2 S -- KT6532 9653-K4-2 6-4-2-1 0 0 0 0 0 0 0 0 10 20 40 20 10 0 0 3 50 10 40 10 20 0 10 0 50 0 10 60 20 90  10
(KT6532) 9653 K4 2 S ++ KT6532 9653-K4-2 6-4-2-1 10 0 0 0 0 0 0 0 0 30 30 20 10 0 0 3.11 60 0 40 20 20 0 0 0 60 0 0 60 0 80  10
(KT6532) 9653 K4 2 S NS KT6532 9653-K4-2 6-4-2-1 10 0 0 0 0 0 0 0 10 30 20 20 10 0 0 2.89 40 0 60 30 10 0 20 0 40 0 0 40 20 70  10
(KT6532) 9653 2 K4 S EW KT6532 9653-K4-2 6-4-2-1 0 0 0 0 0 0 0 0 10 10 40 30 10 0 0 3.2 60 10 30 0 30 0 0 0 60 0 10 70 10 100  10
(KT6532) 9653 2 K4 S -- KT6532 9653-K4-2 6-4-2-1 0 0 0 0 0 0 0 0 10 20 40 20 10 0 0 3 50 10 40 10 20 0 10 0 50 0 10 60 20 90  10
(KT6532) 9653 2 K4 S ++ KT6532 9653-K4-2 6-4-2-1 10 0 0 0 0 0 0 0 0 30 30 20 10 0 0 3.11 60 0 40 20 20 0 0 0 60 0 0 60 0 80  10
(KT6532) 9653 2 K4 S NS KT6532 9653-K4-2 6-4-2-1 10 0 0 0 0 0 0 0 10 30 20 20 10 0 0 2.89 40 0 60 30 10 0 20 0 40 0 0 40 20 70  10
(KT6532) K4 9653 2 S EW KT6532 9653-K4-2 6-4-2-1 0 0 0 0 0 0 0 0 10 10 40 30 10 0 0 3.2 60 10 30 0 30 0 0 0 60 0 10 70 10 100  10
(KT6532) K4 9653 2 S -- KT6532 9653-K4-2 6-4-2-1 0 0 0 0 0 0 0 0 10 20 40 20 10 0 0 3 50 10 40 10 20 0 10 0 50 0 10 60 20 90  10
(KT6532) K4 9653 2 S ++ KT6532 9653-K4-2 6-4-2-1 10 0 0 0 0 0 0 0 0 30 30 20 10 0 0 3.11 60 0 40 20 20 0 0 0 60 0 0 60 0 80  10
(KT6532) K4 9653 2 S NS KT6532 9653-K4-2 6-4-2-1 10 0 0 0 0 0 0 0 10 30 20 20 10 0 0 2.89 40 0 60 30 10 0 20 0 40 0 0 40 20 70  10
(KT6532) 2 9653 K4 S EW KT6532 9653-K4-2 6-4-2-1 0 0 0 0 0 0 0 0 10 10 40 30 10 0 0 3.2 60 10 30 0 30 0 0 0 60 0 10 70 10 100  10
(KT6532) 2 9653 K4 S -- KT6532 9653-K4-2 6-4-2-1 0 0 0 0 0 0 0 0 10 20 40 20 10 0 0 3 50 10 40 10 20 0 10 0 50 0 10 60 20 90  10
(KT6532) 2 9653 K4 S ++ KT6532 9653-K4-2 6-4-2-1 10 0 0 0 0 0 0 0 0 30 30 20 10 0 0 3.11 60 0 40 20 20 0 0 0 60 0 0 60 0 80  10
(KT6532) 2 9653 K4 S NS KT6532 9653-K4-2 6-4-2-1 10 0 0 0 0 0 0 0 10 30 20 20 10 0 0 2.89 40 0 60 30 10 0 20 0 40 0 0 40 20 70  10
(KT6532) K4 2 9653 S EW KT6532 9653-K4-2 6-4-2-1 0 0 0 0 0 0 0 0 10 10 40 30 10 0 0 3.2 60 10 30 0 30 0 0 0 60 0 10 70 10 100  10
(KT6532) K4 2 9653 S -- KT6532 9653-K4-2 6-4-2-1 0 0 0 0 0 0 0 0 10 20 40 20 10 0 0 3 50 10 40 10 20 0 10 0 50 0 10 60 20 90  10
(KT6532) K4 2 9653 S ++ KT6532 9653-K4-2 6-4-2-1 10 0 0 0 0 0 0 0 0 30 30 20 10 0 0 3.11 60 0 40 20 20 0 0 0 60 0 0 60 0 80  10
(KT6532) K4 2 9653 S NS KT6532 9653-K4-2 6-4-2-1 10 0 0 0 0 0 0 0 10 30 20 20 10 0 0 2.89 40 0 60 30 10 0 20 0 40 0 0 40 20 70  10
(KT6532) 2 K4 9653 S EW KT6532 9653-K4-2 6-4-2-1 0 0 0 0 0 0 0 0 10 10 40 30 10 0 0 3.2 60 10 30 0 30 0 0 0 60 0 10 70 10 100  10
(KT6532) 2 K4 9653 S -- KT6532 9653-K4-2 6-4-2-1 0 0 0 0 0 0 0 0 10 20 40 20 10 0 0 3 50 10 40 10 20 0 10 0 50 0 10 60 20 90  10
(KT6532) 2 K4 9653 S ++ KT6532 9653-K4-2 6-4-2-1 10 0 0 0 0 0 0 0 0 30 30 20 10 0 0 3.11 60 0 40 20 20 0 0 0 60 0 0 60 0 80  10
(KT6532) 2 K4 9653 S NS KT6532 9653-K4-2 6-4-2-1 10 0 0 0 0 0 0 0 10 30 20 20 10 0 0 2.89 40 0 60 30 10 0 20 0 40 0 0 40 20 70  10
9653 (KT6532) K4 2 H EW KT6532 9653-K4-2 6-4-2-1 0 0 0 0 0 0 0 0 10 10 40 30 10 0 0 3.2 60 10 30 0 30 0 0 0 60 0 10 70 10 100  10
9653 (KT6532) K4 2 H -- KT6532 9653-K4-2 6-4-2-1 0 0 0 0 0 0 0 0 10 20 40 20 10 0 0 3 50 10 40 10 20 0 10 0 50 0 10 60 20 90  10
9653 (KT6532) K4 2 H ++ KT6532 9653-K4-2 6-4-2-1 10 0 0 0 0 0 0 0 0 30 30 20 10 0 0 3.11 60 0 40 20 20 0 0 0 60 0 0 60 0 80  10
9653 (KT6532) K4 2 H NS KT6532 9653-K4-2 6-4-2-1 10 0 0 0 0 0 0 0 10 30 20 20 10 0 0 2.89 30 0 70 30 10 0 30 0 30 0 0 30 30 70  10
9653 (KT6532) 2 K4 H EW KT6532 9653-K4-2 6-4-2-1 0 0 0 0 0 0 0 0 10 10 40 30 10 0 0 3.2 60 10 30 0 30 0 0 0 60 0 10 70 10 100  10
9653 (KT6532) 2 K4 H -- KT6532 9653-K4-2 6-4-2-1 0 0 0 0 0 0 0 0 10 20 40 20 10 0 0 3 50 10 40 10 20 0 10 0 50 0 10 60 20 90  10
9653 (KT6532) 2 K4 H ++ KT6532 9653-K4-2 6-4-2-1 10 0 0 0 0 0 0 0 0 30 30 20 10 0 0 3.11 60 0 40 20 20 0 0 0 60 0 0 60 0 80  10
9653 (KT6532) 2 K4 H NS KT6532 9653-K4-2 6-4-2-1 10 0 0 0 0 0 0 0 10 30 20 20 10 0 0 2.89 30 0 70 30 10 0 30 0 30 0 0 30 30 70  10
K4 (KT6532) 9653 2 H EW KT6532 9653-K4-2 6-4-2-1 0 0 0 0 0 0 0 0 10 10 40 30 10 0 0 3.2 60 0 40 0 40 0 0 0 60 0 0 60 0 100  10
K4 (KT6532) 9653 2 H -- KT6532 9653-K4-2 6-4-2-1 0 0 0 0 0 0 0 0 10 20 40 20 10 0 0 3 50 0 50 10 30 0 10 0 50 0 0 50 10 90  10
K4 (KT6532) 9653 2 H ++ KT6532 9653-K4-2 6-4-2-1 10 0 0 0 0 0 0 0 0 30 30 20 10 0 0 3.11 60 0 40 20 20 0 0 0 60 0 0 60 0 80  10
K4 (KT6532) 9653 2 H NS KT6532 9653-K4-2 6-4-2-1 10 0 0 0 0 0 0 0 10 30 20 20 10 0 0 2.89 30 0 70 30 10 0 30 0 30 0 0 30 30 70  10
2 (KT6532) 9653 K4 H EW KT6532 9653-K4-2 6-4-2-1 0 0 0 0 0 0 0 0 10 10 30 40 10 0 0 3.3 50 20 30 0 30 0 0 0 50 0 20 70 20 100  10
2 (KT6532) 9653 K4 H -- KT6532 9653-K4-2 6-4-2-1 0 0 0 0 0 0 0 0 10 20 30 30 10 0 0 3.1 40 20 40 10 20 0 10 0 40 0 20 60 30 90  10
2 (KT6532) 9653 K4 H ++ KT6532 9653-K4-2 6-4-2-1 10 0 0 0 0 0 0 0 0 30 30 20 10 0 0 3.11 40 0 60 20 30 0 10 0 40 0 0 40 10 80  10
2 (KT6532) 9653 K4 H NS KT6532 9653-K4-2 6-4-2-1 10 0 0 0 0 0 0 0 10 30 20 20 10 0 0 2.89 40 0 60 30 20 0 10 0 40 0 0 40 10 70  10
K4 (KT6532) 2 9653 H EW KT6532 9653-K4-2 6-4-2-1 0 0 0 0 0 0 0 0 10 10 40 30 10 0 0 3.2 60 0 40 0 40 0 0 0 60 0 0 60 0 100  10
K4 (KT6532) 2 9653 H -- KT6532 9653-K4-2 6-4-2-1 0 0 0 0 0 0 0 0 10 20 40 20 10 0 0 3 50 0 50 10 30 0 10 0 50 0 0 50 10 90  10
K4 (KT6532) 2 9653 H ++ KT6532 9653-K4-2 6-4-2-1 10 0 0 0 0 0 0 0 0 30 30 20 10 0 0 3.11 60 0 40 20 20 0 0 0 60 0 0 60 0 80  10
K4 (KT6532) 2 9653 H NS KT6532 9653-K4-2 6-4-2-1 10 0 0 0 0 0 0 0 10 30 20 20 10 0 0 2.89 30 0 70 30 10 0 30 0 30 0 0 30 30 70  10
2 (KT6532) K4 9653 H EW KT6532 9653-K4-2 6-4-2-1 0 0 0 0 0 0 0 0 10 10 30 40 10 0 0 3.3 50 20 30 0 30 0 0 0 50 0 20 70 20 100  10
2 (KT6532) K4 9653 H -- KT6532 9653-K4-2 6-4-2-1 0 0 0 0 0 0 0 0 10 20 30 30 10 0 0 3.1 40 20 40 10 20 0 10 0 40 0 20 60 30 90  10
2 (KT6532) K4 9653 H ++ KT6532 9653-K4-2 6-4-2-1 10 0 0 0 0 0 0 0 0 30 30 20 10 0 0 3.11 40 0 60 20 30 0 10 0 40 0 0 40 10 80  10
2 (KT6532) K4 9653 H NS KT6532 9653-K4-2 6-4-2-1 10 0 0 0 0 0 0 0 10 30 20 20 10 0 0 2.89 40 0 60 30 20 0 10 0 40 0 0 40 10 70  10
9653 K4 (KT6532) 2 D EW KT6532 9653-K4-2 6-4-2-1 10 0 0 0 0 0 0 0 10 10 30 30 10 0 0 3.22 50 0 50 0 40 0 0 10 50 0 0 60 0 90  10
9653 K4 (KT6532) 2 D -- KT6532 9653-K4-2 6-4-2-1 10 0 0 0 0 0 0 0 10 20 30 20 10 0 0 3 40 0 60 10 30 0 10 10 40 0 0 50 10 80  10
9653 K4 (KT6532) 2 D ++ KT6532 9653-K4-2 6-4-2-1 20 0 0 0 0 0 0 0 0 30 20 20 10 0 0 3.12 50 0 50 20 20 0 0 10 50 0 0 60 0 70  10
9653 K4 (KT6532) 2 D NS KT6532 9653-K4-2 6-4-2-1 20 0 0 0 0 0 0 0 10 30 10 20 10 0 0 2.88 40 0 60 30 10 0 10 10 40 0 0 50 10 60  10
9653 2 (KT6532) K4 D EW KT6532 9653-K4-2 6-4-2-1 20 0 0 0 0 0 0 0 10 10 20 40 0 0 0 3.12 30 20 50 0 30 0 0 20 30 0 20 70 20 80  10
9653 2 (KT6532) K4 D -- KT6532 9653-K4-2 6-4-2-1 20 0 0 0 0 0 0 0 10 20 20 30 0 0 0 2.88 30 20 50 10 20 0 0 20 30 0 20 70 20 70  10
9653 2 (KT6532) K4 D ++ KT6532 9653-K4-2 6-4-2-1 30 0 0 0 0 0 0 0 0 30 20 20 0 0 0 2.86 30 0 70 20 30 0 0 20 30 0 0 50 0 60  10
9653 2 (KT6532) K4 D NS KT6532 9653-K4-2 6-4-2-1 30 0 0 0 0 0 0 0 10 30 10 20 0 0 0 2.57 30 0 70 30 20 0 0 20 30 0 0 50 0 50  10
K4 9653 (KT6532) 2 D EW KT6532 9653-K4-2 6-4-2-1 10 0 0 0 0 0 0 0 10 10 30 30 10 0 0 3.22 50 0 50 0 40 0 0 10 50 0 0 60 0 90  10
K4 9653 (KT6532) 2 D -- KT6532 9653-K4-2 6-4-2-1 10 0 0 0 0 0 0 0 10 20 30 20 10 0 0 3 40 0 60 10 30 0 10 10 40 0 0 50 10 80  10
K4 9653 (KT6532) 2 D ++ KT6532 9653-K4-2 6-4-2-1 20 0 0 0 0 0 0 0 0 30 20 20 10 0 0 3.12 50 0 50 20 20 0 0 10 50 0 0 60 0 70  10
K4 9653 (KT6532) 2 D NS KT6532 9653-K4-2 6-4-2-1 20 0 0 0 0 0 0 0 10 30 10 20 10 0 0 2.88 40 0 60 30 10 0 10 10 40 0 0 50 10 60  10
2 9653 (KT6532) K4 D EW KT6532 9653-K4-2 6-4-2-1 20 0 0 0 0 0 0 0 10 10 20 40 0 0 0 3.12 30 20 50 0 30 0 0 20 30 0 20 70 20 80  10
2 9653 (KT6532) K4 D -- KT6532 9653-K4-2 6-4-2-1 20 0 0 0 0 0 0 0 10 20 20 30 0 0 0 2.88 30 20 50 10 20 0 0 20 30 0 20 70 20 70  10
2 9653 (KT6532) K4 D ++ KT6532 9653-K4-2 6-4-2-1 30 0 0 0 0 0 0 0 0 30 20 20 0 0 0 2.86 30 0 70 20 30 0 0 20 30 0 0 50 0 60  10
2 9653 (KT6532) K4 D NS KT6532 9653-K4-2 6-4-2-1 30 0 0 0 0 0 0 0 10 30 10 20 0 0 0 2.57 30 0 70 30 20 0 0 20 30 0 0 50 0 50  10
K4 2 (KT6532) 9653 D EW KT6532 9653-K4-2 6-4-2-1 10 0 0 0 0 0 0 0 10 10 30 40 0 0 0 3.11 40 10 50 0 40 0 0 10 40 0 10 60 10 90  10
K4 2 (KT6532) 9653 D -- KT6532 9653-K4-2 6-4-2-1 10 0 0 0 0 0 0 0 10 20 30 30 0 0 0 2.89 40 10 50 10 30 0 0 10 40 0 10 60 10 80  10
K4 2 (KT6532) 9653 D ++ KT6532 9653-K4-2 6-4-2-1 20 0 0 0 0 0 0 0 0 30 30 20 0 0 0 2.88 40 0 60 20 30 0 0 10 40 0 0 50 0 70  10
K4 2 (KT6532) 9653 D NS KT6532 9653-K4-2 6-4-2-1 20 0 0 0 0 0 0 0 10 30 20 20 0 0 0 2.62 40 0 60 30 20 0 0 10 40 0 0 50 0 60  10
2 K4 (KT6532) 9653 D EW KT6532 9653-K4-2 6-4-2-1 10 0 0 0 0 0 0 0 10 10 30 40 0 0 0 3.11 40 10 50 0 40 0 0 10 40 0 10 60 10 90  10
2 K4 (KT6532) 9653 D -- KT6532 9653-K4-2 6-4-2-1 10 0 0 0 0 0 0 0 10 20 30 30 0 0 0 2.89 40 10 50 10 30 0 0 10 40 0 10 60 10 80  10
2 K4 (KT6532) 9653 D ++ KT6532 9653-K4-2 6-4-2-1 20 0 0 0 0 0 0 0 0 30 30 20 0 0 0 2.88 40 0 60 20 30 0 0 10 40 0 0 50 0 70  10
2 K4 (KT6532) 9653 D NS KT6532 9653-K4-2 6-4-2-1 20 0 0 0 0 0 0 0 10 30 20 20 0 0 0 2.62 40 0 60 30 20 0 0 10 40 0 0 50 0 60  10
9653 K4 2 (KT6532) C EW KT6532 9653-K4-2 6-4-2-1 10 0 0 0 0 0 0 0 10 10 20 40 10 0 0 3.33 40 10 50 0 40 0 0 10 40 0 10 60 10 90  10
9653 K4 2 (KT6532) C -- KT6532 9653-K4-2 6-4-2-1 10 0 0 0 0 0 0 0 10 20 20 30 10 0 0 3.11 40 10 50 10 30 0 0 10 40 0 10 60 10 80  10
9653 K4 2 (KT6532) C ++ KT6532 9653-K4-2 6-4-2-1 20 0 0 0 0 0 0 0 0 30 20 20 10 0 0 3.12 40 0 60 20 30 0 0 10 40 0 0 50 0 70  10
9653 K4 2 (KT6532) C NS KT6532 9653-K4-2 6-4-2-1 20 0 0 0 0 0 0 0 10 30 10 20 10 0 0 2.88 40 0 60 30 20 0 0 10 40 0 0 50 0 60  10
9653 2 K4 (KT6532) C EW KT6532 9653-K4-2 6-4-2-1 20 0 0 0 0 0 0 0 10 10 20 40 0 0 0 3.12 30 10 60 0 40 0 0 20 30 0 10 60 10 80  10
9653 2 K4 (KT6532) C -- KT6532 9653-K4-2 6-4-2-1 20 0 0 0 0 0 0 0 10 20 20 30 0 0 0 2.88 30 10 60 10 30 0 0 20 30 0 10 60 10 70  10
9653 2 K4 (KT6532) C ++ KT6532 9653-K4-2 6-4-2-1 30 0 0 0 0 0 0 0 0 30 20 20 0 0 0 2.86 30 0 70 20 30 0 0 20 30 0 0 50 0 60  10
9653 2 K4 (KT6532) C NS KT6532 9653-K4-2 6-4-2-1 30 0 0 0 0 0 0 0 10 30 10 20 0 0 0 2.57 30 0 70 30 20 0 0 20 30 0 0 50 0 50  10
K4 9653 2 (KT6532) C EW KT6532 9653-K4-2 6-4-2-1 10 0 0 0 0 0 0 0 10 10 20 40 10 0 0 3.33 40 10 50 0 40 0 0 10 40 0 10 60 10 90  10
K4 9653 2 (KT6532) C -- KT6532 9653-K4-2 6-4-2-1 10 0 0 0 0 0 0 0 10 20 20 30 10 0 0 3.11 40 10 50 10 30 0 0 10 40 0 10 60 10 80  10
K4 9653 2 (KT6532) C ++ KT6532 9653-K4-2 6-4-2-1 20 0 0 0 0 0 0 0 0 30 20 20 10 0 0 3.12 40 0 60 20 30 0 0 10 40 0 0 50 0 70  10
K4 9653 2 (KT6532) C NS KT6532 9653-K4-2 6-4-2-1 20 0 0 0 0 0 0 0 10 30 10 20 10 0 0 2.88 40 0 60 30 20 0 0 10 40 0 0 50 0 60  10
2 9653 K4 (KT6532) C EW KT6532 9653-K4-2 6-4-2-1 20 0 0 0 0 0 0 0 10 10 20 40 0 0 0 3.12 30 10 60 0 40 0 0 20 30 0 10 60 10 80  10
2 9653 K4 (KT6532) C -- KT6532 9653-K4-2 6-4-2-1 20 0 0 0 0 0 0 0 10 20 20 30 0 0 0 2.88 30 10 60 10 30 0 0 20 30 0 10 60 10 70  10
2 9653 K4 (KT6532) C ++ KT6532 9653-K4-2 6-4-2-1 30 0 0 0 0 0 0 0 0 30 20 20 0 0 0 2.86 30 0 70 20 30 0 0 20 30 0 0 50 0 60  10
2 9653 K4 (KT6532) C NS KT6532 9653-K4-2 6-4-2-1 30 0 0 0 0 0 0 0 10 30 10 20 0 0 0 2.57 30 0 70 30 20 0 0 20 30 0 0 50 0 50  10
K4 2 9653 (KT6532) C EW KT6532 9653-K4-2 6-4-2-1 10 0 0 0 0 0 0 0 10 10 30 40 0 0 0 3.11 40 10 50 0 40 0 0 10 40 0 10 60 10 90  10
K4 2 9653 (KT6532) C -- KT6532 9653-K4-2 6-4-2-1 10 0 0 0 0 0 0 0 10 20 30 30 0 0 0 2.89 40 10 50 10 30 0 0 10 40 0 10 60 10 80  10
K4 2 9653 (KT6532) C ++ KT6532 9653-K4-2 6-4-2-1 20 0 0 0 0 0 0 0 0 30 30 20 0 0 0 2.88 40 0 60 20 30 0 0 10 40 0 0 50 0 70  10
K4 2 9653 (KT6532) C NS KT6532 9653-K4-2 6-4-2-1 20 0 0 0 0 0 0 0 10 30 20 20 0 0 0 2.62 40 0 60 30 20 0 0 10 40 0 0 50 0 60  10
2 K4 9653 (KT6532) C EW KT6532 9653-K4-2 6-4-2-1 10 0 0 0 0 0 0 0 10 10 30 40 0 0 0 3.11 40 10 50 0 40 0 0 10 40 0 10 60 10 90  10
2 K4 9653 (KT6532) C -- KT6532 9653-K4-2 6-4-2-1 10 0 0 0 0 0 0 0 10 20 30 30 0 0 0 2.89 40 10 50 10 30 0 0 10 40 0 10 60 10 80  10
2 K4 9653 (KT6532) C ++ KT6532 9653-K4-2 6-4-2-1 20 0 0 0 0 0 0 0 0 30 30 20 0 0 0 2.88 40 0 60 20 30 0 0 10 40 0 0 50 0 70  10
2 K4 9653 (KT6532) C NS KT6532 9653-K4-2 6-4-2-1 20 0 0 0 0 0 0 0 10 30 20 20 0 0 0 2.62 40 0 60 30 20 0 0 10 40 0 0 50 0 60  10
