S H D C Bid Vul Combo OtherCombo HandPattern NO -6 -5 -4 -3 -2 -1 0 1 2 3 4 5 6 7 avg ParPos ParNeg noPar b000 b001 b010 b011 b100 b101 b110 b111 b1xx bx1x bxx1  Cnt
(AT7532) 952 KQ8 J S EW AT7532 952-KQ8-J 6-3-3-1 0 0 0 0 0 0 0 0 0 50 50 0 0 0 0 2.5 0 0 100 0 100 0 0 0 0 0 0 0 0 100  2
(AT7532) 952 KQ8 J S -- AT7532 952-KQ8-J 6-3-3-1 0 0 0 0 0 0 0 0 0 100 0 0 0 0 0 2 0 0 100 50 50 0 0 0 0 0 0 0 0 50  2
(AT7532) 952 KQ8 J S ++ AT7532 952-KQ8-J 6-3-3-1 0 0 0 0 0 0 0 0 50 50 0 0 0 0 0 1.5 0 0 100 50 50 0 0 0 0 0 0 0 0 50  2
(AT7532) 952 KQ8 J S NS AT7532 952-KQ8-J 6-3-3-1 0 0 0 0 0 0 0 0 100 0 0 0 0 0 0 1 0 0 100 50 50 0 0 0 0 0 0 0 0 50  2
(AT7532) 952 J KQ8 S EW AT7532 952-KQ8-J 6-3-3-1 0 0 0 0 0 0 0 0 0 50 50 0 0 0 0 2.5 0 0 100 0 100 0 0 0 0 0 0 0 0 100  2
(AT7532) 952 J KQ8 S -- AT7532 952-KQ8-J 6-3-3-1 0 0 0 0 0 0 0 0 0 100 0 0 0 0 0 2 0 0 100 50 50 0 0 0 0 0 0 0 0 50  2
(AT7532) 952 J KQ8 S ++ AT7532 952-KQ8-J 6-3-3-1 0 0 0 0 0 0 0 0 50 50 0 0 0 0 0 1.5 0 0 100 50 50 0 0 0 0 0 0 0 0 50  2
(AT7532) 952 J KQ8 S NS AT7532 952-KQ8-J 6-3-3-1 0 0 0 0 0 0 0 0 100 0 0 0 0 0 0 1 0 0 100 50 50 0 0 0 0 0 0 0 0 50  2
(AT7532) KQ8 952 J S EW AT7532 952-KQ8-J 6-3-3-1 0 0 0 0 0 0 0 0 0 50 50 0 0 0 0 2.5 0 0 100 0 100 0 0 0 0 0 0 0 0 100  2
(AT7532) KQ8 952 J S -- AT7532 952-KQ8-J 6-3-3-1 0 0 0 0 0 0 0 0 0 100 0 0 0 0 0 2 0 0 100 50 50 0 0 0 0 0 0 0 0 50  2
(AT7532) KQ8 952 J S ++ AT7532 952-KQ8-J 6-3-3-1 0 0 0 0 0 0 0 0 50 50 0 0 0 0 0 1.5 0 0 100 50 50 0 0 0 0 0 0 0 0 50  2
(AT7532) KQ8 952 J S NS AT7532 952-KQ8-J 6-3-3-1 0 0 0 0 0 0 0 0 100 0 0 0 0 0 0 1 0 0 100 50 50 0 0 0 0 0 0 0 0 50  2
(AT7532) J 952 KQ8 S EW AT7532 952-KQ8-J 6-3-3-1 0 0 0 0 0 0 0 0 0 50 50 0 0 0 0 2.5 0 0 100 0 100 0 0 0 0 0 0 0 0 100  2
(AT7532) J 952 KQ8 S -- AT7532 952-KQ8-J 6-3-3-1 0 0 0 0 0 0 0 0 0 100 0 0 0 0 0 2 0 0 100 50 50 0 0 0 0 0 0 0 0 50  2
(AT7532) J 952 KQ8 S ++ AT7532 952-KQ8-J 6-3-3-1 0 0 0 0 0 0 0 0 50 50 0 0 0 0 0 1.5 0 0 100 50 50 0 0 0 0 0 0 0 0 50  2
(AT7532) J 952 KQ8 S NS AT7532 952-KQ8-J 6-3-3-1 0 0 0 0 0 0 0 0 100 0 0 0 0 0 0 1 0 0 100 50 50 0 0 0 0 0 0 0 0 50  2
(AT7532) KQ8 J 952 S EW AT7532 952-KQ8-J 6-3-3-1 0 0 0 0 0 0 0 0 0 50 50 0 0 0 0 2.5 0 0 100 0 100 0 0 0 0 0 0 0 0 100  2
(AT7532) KQ8 J 952 S -- AT7532 952-KQ8-J 6-3-3-1 0 0 0 0 0 0 0 0 0 100 0 0 0 0 0 2 0 0 100 50 50 0 0 0 0 0 0 0 0 50  2
(AT7532) KQ8 J 952 S ++ AT7532 952-KQ8-J 6-3-3-1 0 0 0 0 0 0 0 0 50 50 0 0 0 0 0 1.5 0 0 100 50 50 0 0 0 0 0 0 0 0 50  2
(AT7532) KQ8 J 952 S NS AT7532 952-KQ8-J 6-3-3-1 0 0 0 0 0 0 0 0 100 0 0 0 0 0 0 1 0 0 100 50 50 0 0 0 0 0 0 0 0 50  2
(AT7532) J KQ8 952 S EW AT7532 952-KQ8-J 6-3-3-1 0 0 0 0 0 0 0 0 0 50 50 0 0 0 0 2.5 0 0 100 0 100 0 0 0 0 0 0 0 0 100  2
(AT7532) J KQ8 952 S -- AT7532 952-KQ8-J 6-3-3-1 0 0 0 0 0 0 0 0 0 100 0 0 0 0 0 2 0 0 100 50 50 0 0 0 0 0 0 0 0 50  2
(AT7532) J KQ8 952 S ++ AT7532 952-KQ8-J 6-3-3-1 0 0 0 0 0 0 0 0 50 50 0 0 0 0 0 1.5 0 0 100 50 50 0 0 0 0 0 0 0 0 50  2
(AT7532) J KQ8 952 S NS AT7532 952-KQ8-J 6-3-3-1 0 0 0 0 0 0 0 0 100 0 0 0 0 0 0 1 0 0 100 50 50 0 0 0 0 0 0 0 0 50  2
952 (AT7532) KQ8 J H EW AT7532 952-KQ8-J 6-3-3-1 0 0 0 0 0 0 0 0 0 50 50 0 0 0 0 2.5 0 0 100 50 50 0 0 0 0 0 0 0 0 50  2
952 (AT7532) KQ8 J H -- AT7532 952-KQ8-J 6-3-3-1 0 0 0 0 0 0 0 0 0 100 0 0 0 0 0 2 0 0 100 50 50 0 0 0 0 0 0 0 0 50  2
952 (AT7532) KQ8 J H ++ AT7532 952-KQ8-J 6-3-3-1 0 0 0 0 0 0 0 0 50 50 0 0 0 0 0 1.5 0 0 100 50 50 0 0 0 0 0 0 0 0 50  2
952 (AT7532) KQ8 J H NS AT7532 952-KQ8-J 6-3-3-1 0 0 0 0 0 0 0 0 100 0 0 0 0 0 0 1 0 0 100 50 50 0 0 0 0 0 0 0 0 50  2
952 (AT7532) J KQ8 H EW AT7532 952-KQ8-J 6-3-3-1 0 0 0 0 0 0 0 0 0 50 50 0 0 0 0 2.5 0 0 100 50 50 0 0 0 0 0 0 0 0 50  2
952 (AT7532) J KQ8 H -- AT7532 952-KQ8-J 6-3-3-1 0 0 0 0 0 0 0 0 0 100 0 0 0 0 0 2 0 0 100 50 50 0 0 0 0 0 0 0 0 50  2
952 (AT7532) J KQ8 H ++ AT7532 952-KQ8-J 6-3-3-1 0 0 0 0 0 0 0 0 50 50 0 0 0 0 0 1.5 0 0 100 50 50 0 0 0 0 0 0 0 0 50  2
952 (AT7532) J KQ8 H NS AT7532 952-KQ8-J 6-3-3-1 0 0 0 0 0 0 0 0 100 0 0 0 0 0 0 1 0 0 100 50 50 0 0 0 0 0 0 0 0 50  2
KQ8 (AT7532) 952 J H EW AT7532 952-KQ8-J 6-3-3-1 0 0 0 0 0 0 0 0 0 50 50 0 0 0 0 2.5 0 0 100 0 100 0 0 0 0 0 0 0 0 100  2
KQ8 (AT7532) 952 J H -- AT7532 952-KQ8-J 6-3-3-1 0 0 0 0 0 0 0 0 0 100 0 0 0 0 0 2 0 0 100 50 50 0 0 0 0 0 0 0 0 50  2
KQ8 (AT7532) 952 J H ++ AT7532 952-KQ8-J 6-3-3-1 0 0 0 0 0 0 0 0 50 50 0 0 0 0 0 1.5 0 0 100 50 50 0 0 0 0 0 0 0 0 50  2
KQ8 (AT7532) 952 J H NS AT7532 952-KQ8-J 6-3-3-1 0 0 0 0 0 0 0 0 100 0 0 0 0 0 0 1 0 0 100 50 50 0 0 0 0 0 0 0 0 50  2
J (AT7532) 952 KQ8 H EW AT7532 952-KQ8-J 6-3-3-1 0 0 0 0 0 0 0 0 0 50 50 0 0 0 0 2.5 0 0 100 0 100 0 0 0 0 0 0 0 0 100  2
J (AT7532) 952 KQ8 H -- AT7532 952-KQ8-J 6-3-3-1 0 0 0 0 0 0 0 0 0 100 0 0 0 0 0 2 0 0 100 50 50 0 0 0 0 0 0 0 0 50  2
J (AT7532) 952 KQ8 H ++ AT7532 952-KQ8-J 6-3-3-1 0 0 0 0 0 0 0 0 50 50 0 0 0 0 0 1.5 0 0 100 50 50 0 0 0 0 0 0 0 0 50  2
J (AT7532) 952 KQ8 H NS AT7532 952-KQ8-J 6-3-3-1 0 0 0 0 0 0 0 0 100 0 0 0 0 0 0 1 0 0 100 50 50 0 0 0 0 0 0 0 0 50  2
KQ8 (AT7532) J 952 H EW AT7532 952-KQ8-J 6-3-3-1 0 0 0 0 0 0 0 0 0 50 50 0 0 0 0 2.5 0 0 100 0 100 0 0 0 0 0 0 0 0 100  2
KQ8 (AT7532) J 952 H -- AT7532 952-KQ8-J 6-3-3-1 0 0 0 0 0 0 0 0 0 100 0 0 0 0 0 2 0 0 100 50 50 0 0 0 0 0 0 0 0 50  2
KQ8 (AT7532) J 952 H ++ AT7532 952-KQ8-J 6-3-3-1 0 0 0 0 0 0 0 0 50 50 0 0 0 0 0 1.5 0 0 100 50 50 0 0 0 0 0 0 0 0 50  2
KQ8 (AT7532) J 952 H NS AT7532 952-KQ8-J 6-3-3-1 0 0 0 0 0 0 0 0 100 0 0 0 0 0 0 1 0 0 100 50 50 0 0 0 0 0 0 0 0 50  2
J (AT7532) KQ8 952 H EW AT7532 952-KQ8-J 6-3-3-1 0 0 0 0 0 0 0 0 0 50 50 0 0 0 0 2.5 0 0 100 0 100 0 0 0 0 0 0 0 0 100  2
J (AT7532) KQ8 952 H -- AT7532 952-KQ8-J 6-3-3-1 0 0 0 0 0 0 0 0 0 100 0 0 0 0 0 2 0 0 100 50 50 0 0 0 0 0 0 0 0 50  2
J (AT7532) KQ8 952 H ++ AT7532 952-KQ8-J 6-3-3-1 0 0 0 0 0 0 0 0 50 50 0 0 0 0 0 1.5 0 0 100 50 50 0 0 0 0 0 0 0 0 50  2
J (AT7532) KQ8 952 H NS AT7532 952-KQ8-J 6-3-3-1 0 0 0 0 0 0 0 0 100 0 0 0 0 0 0 1 0 0 100 50 50 0 0 0 0 0 0 0 0 50  2
952 KQ8 (AT7532) J D EW AT7532 952-KQ8-J 6-3-3-1 0 0 0 0 0 0 0 0 0 50 50 0 0 0 0 2.5 0 0 100 50 50 0 0 0 0 0 0 0 0 50  2
952 KQ8 (AT7532) J D -- AT7532 952-KQ8-J 6-3-3-1 0 0 0 0 0 0 0 0 0 100 0 0 0 0 0 2 0 0 100 50 50 0 0 0 0 0 0 0 0 50  2
952 KQ8 (AT7532) J D ++ AT7532 952-KQ8-J 6-3-3-1 0 0 0 0 0 0 0 0 50 50 0 0 0 0 0 1.5 0 0 100 50 50 0 0 0 0 0 0 0 0 50  2
952 KQ8 (AT7532) J D NS AT7532 952-KQ8-J 6-3-3-1 0 0 0 0 0 0 0 0 100 0 0 0 0 0 0 1 0 0 100 50 50 0 0 0 0 0 0 0 0 50  2
952 J (AT7532) KQ8 D EW AT7532 952-KQ8-J 6-3-3-1 0 0 0 0 0 0 0 0 0 50 50 0 0 0 0 2.5 0 0 100 50 50 0 0 0 0 0 0 0 0 50  2
952 J (AT7532) KQ8 D -- AT7532 952-KQ8-J 6-3-3-1 0 0 0 0 0 0 0 0 0 100 0 0 0 0 0 2 0 0 100 50 50 0 0 0 0 0 0 0 0 50  2
952 J (AT7532) KQ8 D ++ AT7532 952-KQ8-J 6-3-3-1 0 0 0 0 0 0 0 0 50 50 0 0 0 0 0 1.5 0 0 100 50 50 0 0 0 0 0 0 0 0 50  2
952 J (AT7532) KQ8 D NS AT7532 952-KQ8-J 6-3-3-1 0 0 0 0 0 0 0 0 100 0 0 0 0 0 0 1 0 0 100 50 50 0 0 0 0 0 0 0 0 50  2
KQ8 952 (AT7532) J D EW AT7532 952-KQ8-J 6-3-3-1 0 0 0 0 0 0 0 0 0 50 50 0 0 0 0 2.5 0 0 100 50 50 0 0 0 0 0 0 0 0 50  2
KQ8 952 (AT7532) J D -- AT7532 952-KQ8-J 6-3-3-1 0 0 0 0 0 0 0 0 0 100 0 0 0 0 0 2 0 0 100 50 50 0 0 0 0 0 0 0 0 50  2
KQ8 952 (AT7532) J D ++ AT7532 952-KQ8-J 6-3-3-1 0 0 0 0 0 0 0 0 50 50 0 0 0 0 0 1.5 0 0 100 50 50 0 0 0 0 0 0 0 0 50  2
KQ8 952 (AT7532) J D NS AT7532 952-KQ8-J 6-3-3-1 0 0 0 0 0 0 0 0 100 0 0 0 0 0 0 1 0 0 100 50 50 0 0 0 0 0 0 0 0 50  2
J 952 (AT7532) KQ8 D EW AT7532 952-KQ8-J 6-3-3-1 0 0 0 0 0 0 0 0 0 50 50 0 0 0 0 2.5 0 0 100 50 50 0 0 0 0 0 0 0 0 50  2
J 952 (AT7532) KQ8 D -- AT7532 952-KQ8-J 6-3-3-1 0 0 0 0 0 0 0 0 0 100 0 0 0 0 0 2 0 0 100 50 50 0 0 0 0 0 0 0 0 50  2
J 952 (AT7532) KQ8 D ++ AT7532 952-KQ8-J 6-3-3-1 0 0 0 0 0 0 0 0 50 50 0 0 0 0 0 1.5 0 0 100 50 50 0 0 0 0 0 0 0 0 50  2
J 952 (AT7532) KQ8 D NS AT7532 952-KQ8-J 6-3-3-1 0 0 0 0 0 0 0 0 100 0 0 0 0 0 0 1 0 0 100 50 50 0 0 0 0 0 0 0 0 50  2
KQ8 J (AT7532) 952 D EW AT7532 952-KQ8-J 6-3-3-1 0 0 0 0 0 0 0 0 0 50 50 0 0 0 0 2.5 0 0 100 0 100 0 0 0 0 0 0 0 0 100  2
KQ8 J (AT7532) 952 D -- AT7532 952-KQ8-J 6-3-3-1 0 0 0 0 0 0 0 0 0 100 0 0 0 0 0 2 0 0 100 50 50 0 0 0 0 0 0 0 0 50  2
KQ8 J (AT7532) 952 D ++ AT7532 952-KQ8-J 6-3-3-1 0 0 0 0 0 0 0 0 50 50 0 0 0 0 0 1.5 0 0 100 50 50 0 0 0 0 0 0 0 0 50  2
KQ8 J (AT7532) 952 D NS AT7532 952-KQ8-J 6-3-3-1 0 0 0 0 0 0 0 0 100 0 0 0 0 0 0 1 0 0 100 50 50 0 0 0 0 0 0 0 0 50  2
J KQ8 (AT7532) 952 D EW AT7532 952-KQ8-J 6-3-3-1 0 0 0 0 0 0 0 0 0 50 50 0 0 0 0 2.5 0 0 100 0 100 0 0 0 0 0 0 0 0 100  2
J KQ8 (AT7532) 952 D -- AT7532 952-KQ8-J 6-3-3-1 0 0 0 0 0 0 0 0 0 100 0 0 0 0 0 2 0 0 100 50 50 0 0 0 0 0 0 0 0 50  2
J KQ8 (AT7532) 952 D ++ AT7532 952-KQ8-J 6-3-3-1 0 0 0 0 0 0 0 0 50 50 0 0 0 0 0 1.5 0 0 100 50 50 0 0 0 0 0 0 0 0 50  2
J KQ8 (AT7532) 952 D NS AT7532 952-KQ8-J 6-3-3-1 0 0 0 0 0 0 0 0 100 0 0 0 0 0 0 1 0 0 100 50 50 0 0 0 0 0 0 0 0 50  2
952 KQ8 J (AT7532) C EW AT7532 952-KQ8-J 6-3-3-1 0 0 0 0 0 0 0 0 0 50 50 0 0 0 0 2.5 0 0 100 50 50 0 0 0 0 0 0 0 0 50  2
952 KQ8 J (AT7532) C -- AT7532 952-KQ8-J 6-3-3-1 0 0 0 0 0 0 0 0 0 100 0 0 0 0 0 2 0 0 100 50 50 0 0 0 0 0 0 0 0 50  2
952 KQ8 J (AT7532) C ++ AT7532 952-KQ8-J 6-3-3-1 0 0 0 0 0 0 0 0 50 50 0 0 0 0 0 1.5 0 0 100 50 50 0 0 0 0 0 0 0 0 50  2
952 KQ8 J (AT7532) C NS AT7532 952-KQ8-J 6-3-3-1 0 0 0 0 0 0 0 0 100 0 0 0 0 0 0 1 0 0 100 50 50 0 0 0 0 0 0 0 0 50  2
952 J KQ8 (AT7532) C EW AT7532 952-KQ8-J 6-3-3-1 0 0 0 0 0 0 0 0 0 50 50 0 0 0 0 2.5 0 0 100 50 50 0 0 0 0 0 0 0 0 50  2
952 J KQ8 (AT7532) C -- AT7532 952-KQ8-J 6-3-3-1 0 0 0 0 0 0 0 0 0 100 0 0 0 0 0 2 0 0 100 50 50 0 0 0 0 0 0 0 0 50  2
952 J KQ8 (AT7532) C ++ AT7532 952-KQ8-J 6-3-3-1 0 0 0 0 0 0 0 0 50 50 0 0 0 0 0 1.5 0 0 100 50 50 0 0 0 0 0 0 0 0 50  2
952 J KQ8 (AT7532) C NS AT7532 952-KQ8-J 6-3-3-1 0 0 0 0 0 0 0 0 100 0 0 0 0 0 0 1 0 0 100 50 50 0 0 0 0 0 0 0 0 50  2
KQ8 952 J (AT7532) C EW AT7532 952-KQ8-J 6-3-3-1 0 0 0 0 0 0 0 0 0 50 50 0 0 0 0 2.5 0 0 100 50 50 0 0 0 0 0 0 0 0 50  2
KQ8 952 J (AT7532) C -- AT7532 952-KQ8-J 6-3-3-1 0 0 0 0 0 0 0 0 0 100 0 0 0 0 0 2 0 0 100 50 50 0 0 0 0 0 0 0 0 50  2
KQ8 952 J (AT7532) C ++ AT7532 952-KQ8-J 6-3-3-1 0 0 0 0 0 0 0 0 50 50 0 0 0 0 0 1.5 0 0 100 50 50 0 0 0 0 0 0 0 0 50  2
KQ8 952 J (AT7532) C NS AT7532 952-KQ8-J 6-3-3-1 0 0 0 0 0 0 0 0 100 0 0 0 0 0 0 1 0 0 100 50 50 0 0 0 0 0 0 0 0 50  2
J 952 KQ8 (AT7532) C EW AT7532 952-KQ8-J 6-3-3-1 0 0 0 0 0 0 0 0 0 50 50 0 0 0 0 2.5 0 0 100 50 50 0 0 0 0 0 0 0 0 50  2
J 952 KQ8 (AT7532) C -- AT7532 952-KQ8-J 6-3-3-1 0 0 0 0 0 0 0 0 0 100 0 0 0 0 0 2 0 0 100 50 50 0 0 0 0 0 0 0 0 50  2
J 952 KQ8 (AT7532) C ++ AT7532 952-KQ8-J 6-3-3-1 0 0 0 0 0 0 0 0 50 50 0 0 0 0 0 1.5 0 0 100 50 50 0 0 0 0 0 0 0 0 50  2
J 952 KQ8 (AT7532) C NS AT7532 952-KQ8-J 6-3-3-1 0 0 0 0 0 0 0 0 100 0 0 0 0 0 0 1 0 0 100 50 50 0 0 0 0 0 0 0 0 50  2
KQ8 J 952 (AT7532) C EW AT7532 952-KQ8-J 6-3-3-1 0 0 0 0 0 0 0 0 0 50 50 0 0 0 0 2.5 0 0 100 0 100 0 0 0 0 0 0 0 0 100  2
KQ8 J 952 (AT7532) C -- AT7532 952-KQ8-J 6-3-3-1 0 0 0 0 0 0 0 0 0 100 0 0 0 0 0 2 0 0 100 50 50 0 0 0 0 0 0 0 0 50  2
KQ8 J 952 (AT7532) C ++ AT7532 952-KQ8-J 6-3-3-1 0 0 0 0 0 0 0 0 50 50 0 0 0 0 0 1.5 0 0 100 50 50 0 0 0 0 0 0 0 0 50  2
KQ8 J 952 (AT7532) C NS AT7532 952-KQ8-J 6-3-3-1 0 0 0 0 0 0 0 0 100 0 0 0 0 0 0 1 0 0 100 50 50 0 0 0 0 0 0 0 0 50  2
J KQ8 952 (AT7532) C EW AT7532 952-KQ8-J 6-3-3-1 0 0 0 0 0 0 0 0 0 50 50 0 0 0 0 2.5 0 0 100 0 100 0 0 0 0 0 0 0 0 100  2
J KQ8 952 (AT7532) C -- AT7532 952-KQ8-J 6-3-3-1 0 0 0 0 0 0 0 0 0 100 0 0 0 0 0 2 0 0 100 50 50 0 0 0 0 0 0 0 0 50  2
J KQ8 952 (AT7532) C ++ AT7532 952-KQ8-J 6-3-3-1 0 0 0 0 0 0 0 0 50 50 0 0 0 0 0 1.5 0 0 100 50 50 0 0 0 0 0 0 0 0 50  2
J KQ8 952 (AT7532) C NS AT7532 952-KQ8-J 6-3-3-1 0 0 0 0 0 0 0 0 100 0 0 0 0 0 0 1 0 0 100 50 50 0 0 0 0 0 0 0 0 50  2
(QJ9864) 952 KQ8 J S EW QJ9864 952-KQ8-J 6-3-3-1 0 0 0 0 0 0 0 0 0 0 50 50 0 0 0 3.5 0 0 100 0 50 0 0 0 0 50 0 50 50 50  2
(QJ9864) 952 KQ8 J S -- QJ9864 952-KQ8-J 6-3-3-1 0 0 0 0 0 0 0 0 0 0 100 0 0 0 0 3 0 0 100 50 50 0 0 0 0 0 0 0 0 50  2
(QJ9864) 952 KQ8 J S ++ QJ9864 952-KQ8-J 6-3-3-1 0 0 0 0 0 0 0 0 0 50 50 0 0 0 0 2.5 0 0 100 50 50 0 0 0 0 0 0 0 0 50  2
(QJ9864) 952 KQ8 J S NS QJ9864 952-KQ8-J 6-3-3-1 0 0 0 0 0 0 0 0 0 100 0 0 0 0 0 2 0 0 100 50 50 0 0 0 0 0 0 0 0 50  2
(QJ9864) 952 J KQ8 S EW QJ9864 952-KQ8-J 6-3-3-1 0 0 0 0 0 0 0 0 0 0 50 50 0 0 0 3.5 0 0 100 0 50 0 0 0 0 50 0 50 50 50  2
(QJ9864) 952 J KQ8 S -- QJ9864 952-KQ8-J 6-3-3-1 0 0 0 0 0 0 0 0 0 0 100 0 0 0 0 3 0 0 100 50 50 0 0 0 0 0 0 0 0 50  2
(QJ9864) 952 J KQ8 S ++ QJ9864 952-KQ8-J 6-3-3-1 0 0 0 0 0 0 0 0 0 50 50 0 0 0 0 2.5 0 0 100 50 50 0 0 0 0 0 0 0 0 50  2
(QJ9864) 952 J KQ8 S NS QJ9864 952-KQ8-J 6-3-3-1 0 0 0 0 0 0 0 0 0 100 0 0 0 0 0 2 0 0 100 50 50 0 0 0 0 0 0 0 0 50  2
(QJ9864) KQ8 952 J S EW QJ9864 952-KQ8-J 6-3-3-1 0 0 0 0 0 0 0 0 0 0 50 50 0 0 0 3.5 0 0 100 0 50 0 0 0 0 50 0 50 50 50  2
(QJ9864) KQ8 952 J S -- QJ9864 952-KQ8-J 6-3-3-1 0 0 0 0 0 0 0 0 0 0 100 0 0 0 0 3 0 0 100 0 100 0 0 0 0 0 0 0 0 100  2
(QJ9864) KQ8 952 J S ++ QJ9864 952-KQ8-J 6-3-3-1 0 0 0 0 0 0 0 0 0 50 50 0 0 0 0 2.5 0 0 100 0 100 0 0 0 0 0 0 0 0 100  2
(QJ9864) KQ8 952 J S NS QJ9864 952-KQ8-J 6-3-3-1 0 0 0 0 0 0 0 0 0 100 0 0 0 0 0 2 0 0 100 50 50 0 0 0 0 0 0 0 0 50  2
(QJ9864) J 952 KQ8 S EW QJ9864 952-KQ8-J 6-3-3-1 0 0 0 0 0 0 0 0 0 0 0 100 0 0 0 4 0 50 50 0 50 0 0 0 0 0 50 50 50 100  2
(QJ9864) J 952 KQ8 S -- QJ9864 952-KQ8-J 6-3-3-1 0 0 0 0 0 0 0 0 0 0 50 50 0 0 0 3.5 0 50 50 0 50 0 0 0 0 0 50 50 50 100  2
(QJ9864) J 952 KQ8 S ++ QJ9864 952-KQ8-J 6-3-3-1 0 0 0 0 0 0 0 0 0 0 50 50 0 0 0 3.5 0 50 50 0 50 0 0 0 0 0 50 50 50 100  2
(QJ9864) J 952 KQ8 S NS QJ9864 952-KQ8-J 6-3-3-1 0 0 0 0 0 0 0 0 0 50 50 0 0 0 0 2.5 0 0 100 50 50 0 0 0 0 0 0 0 0 50  2
(QJ9864) KQ8 J 952 S EW QJ9864 952-KQ8-J 6-3-3-1 0 0 0 0 0 0 0 0 0 0 50 50 0 0 0 3.5 0 0 100 0 100 0 0 0 0 0 0 0 0 100  2
(QJ9864) KQ8 J 952 S -- QJ9864 952-KQ8-J 6-3-3-1 0 0 0 0 0 0 0 0 0 0 100 0 0 0 0 3 0 0 100 0 100 0 0 0 0 0 0 0 0 100  2
(QJ9864) KQ8 J 952 S ++ QJ9864 952-KQ8-J 6-3-3-1 0 0 0 0 0 0 0 0 0 50 50 0 0 0 0 2.5 0 0 100 0 100 0 0 0 0 0 0 0 0 100  2
(QJ9864) KQ8 J 952 S NS QJ9864 952-KQ8-J 6-3-3-1 0 0 0 0 0 0 0 0 0 100 0 0 0 0 0 2 0 0 100 50 50 0 0 0 0 0 0 0 0 50  2
(QJ9864) J KQ8 952 S EW QJ9864 952-KQ8-J 6-3-3-1 0 0 0 0 0 0 0 0 0 0 0 100 0 0 0 4 0 50 50 0 50 0 0 0 0 0 50 50 50 100  2
(QJ9864) J KQ8 952 S -- QJ9864 952-KQ8-J 6-3-3-1 0 0 0 0 0 0 0 0 0 0 50 50 0 0 0 3.5 0 50 50 0 50 0 0 0 0 0 50 50 50 100  2
(QJ9864) J KQ8 952 S ++ QJ9864 952-KQ8-J 6-3-3-1 0 0 0 0 0 0 0 0 0 0 50 50 0 0 0 3.5 0 50 50 0 50 0 0 0 0 0 50 50 50 100  2
(QJ9864) J KQ8 952 S NS QJ9864 952-KQ8-J 6-3-3-1 0 0 0 0 0 0 0 0 0 50 50 0 0 0 0 2.5 0 0 100 50 50 0 0 0 0 0 0 0 0 50  2
952 (QJ9864) KQ8 J H EW QJ9864 952-KQ8-J 6-3-3-1 0 0 0 0 0 0 0 0 0 0 50 50 0 0 0 3.5 0 0 100 0 50 0 0 0 0 50 0 50 50 50  2
952 (QJ9864) KQ8 J H -- QJ9864 952-KQ8-J 6-3-3-1 0 0 0 0 0 0 0 0 0 0 100 0 0 0 0 3 0 0 100 50 50 0 0 0 0 0 0 0 0 50  2
952 (QJ9864) KQ8 J H ++ QJ9864 952-KQ8-J 6-3-3-1 0 0 0 0 0 0 0 0 0 50 50 0 0 0 0 2.5 0 0 100 50 50 0 0 0 0 0 0 0 0 50  2
952 (QJ9864) KQ8 J H NS QJ9864 952-KQ8-J 6-3-3-1 0 0 0 0 0 0 0 0 0 100 0 0 0 0 0 2 0 0 100 50 50 0 0 0 0 0 0 0 0 50  2
952 (QJ9864) J KQ8 H EW QJ9864 952-KQ8-J 6-3-3-1 0 0 0 0 0 0 0 0 0 0 50 50 0 0 0 3.5 0 0 100 0 50 0 0 0 0 50 0 50 50 50  2
952 (QJ9864) J KQ8 H -- QJ9864 952-KQ8-J 6-3-3-1 0 0 0 0 0 0 0 0 0 0 100 0 0 0 0 3 0 0 100 50 50 0 0 0 0 0 0 0 0 50  2
952 (QJ9864) J KQ8 H ++ QJ9864 952-KQ8-J 6-3-3-1 0 0 0 0 0 0 0 0 0 50 50 0 0 0 0 2.5 0 0 100 50 50 0 0 0 0 0 0 0 0 50  2
952 (QJ9864) J KQ8 H NS QJ9864 952-KQ8-J 6-3-3-1 0 0 0 0 0 0 0 0 0 100 0 0 0 0 0 2 0 0 100 50 50 0 0 0 0 0 0 0 0 50  2
KQ8 (QJ9864) 952 J H EW QJ9864 952-KQ8-J 6-3-3-1 0 0 0 0 0 0 0 0 0 0 50 50 0 0 0 3.5 0 0 100 0 50 0 0 0 0 50 0 50 50 50  2
KQ8 (QJ9864) 952 J H -- QJ9864 952-KQ8-J 6-3-3-1 0 0 0 0 0 0 0 0 0 0 100 0 0 0 0 3 0 0 100 50 50 0 0 0 0 0 0 0 0 50  2
KQ8 (QJ9864) 952 J H ++ QJ9864 952-KQ8-J 6-3-3-1 0 0 0 0 0 0 0 0 0 50 50 0 0 0 0 2.5 0 0 100 50 50 0 0 0 0 0 0 0 0 50  2
KQ8 (QJ9864) 952 J H NS QJ9864 952-KQ8-J 6-3-3-1 0 0 0 0 0 0 0 0 0 100 0 0 0 0 0 2 0 0 100 50 50 0 0 0 0 0 0 0 0 50  2
J (QJ9864) 952 KQ8 H EW QJ9864 952-KQ8-J 6-3-3-1 0 0 0 0 0 0 0 0 0 0 0 50 50 0 0 4.5 0 50 50 50 0 0 0 0 0 0 50 50 50 50  2
J (QJ9864) 952 KQ8 H -- QJ9864 952-KQ8-J 6-3-3-1 0 0 0 0 0 0 0 0 0 0 50 50 0 0 0 3.5 0 0 100 50 50 0 0 0 0 0 0 0 0 50  2
J (QJ9864) 952 KQ8 H ++ QJ9864 952-KQ8-J 6-3-3-1 0 0 0 0 0 0 0 0 0 0 50 50 0 0 0 3.5 0 0 100 50 50 0 0 0 0 0 0 0 0 50  2
J (QJ9864) 952 KQ8 H NS QJ9864 952-KQ8-J 6-3-3-1 0 0 0 0 0 0 0 0 0 50 50 0 0 0 0 2.5 0 0 100 100 0 0 0 0 0 0 0 0 0 0  2
KQ8 (QJ9864) J 952 H EW QJ9864 952-KQ8-J 6-3-3-1 0 0 0 0 0 0 0 0 0 0 50 50 0 0 0 3.5 0 0 100 0 100 0 0 0 0 0 0 0 0 100  2
KQ8 (QJ9864) J 952 H -- QJ9864 952-KQ8-J 6-3-3-1 0 0 0 0 0 0 0 0 0 0 100 0 0 0 0 3 0 0 100 50 50 0 0 0 0 0 0 0 0 50  2
KQ8 (QJ9864) J 952 H ++ QJ9864 952-KQ8-J 6-3-3-1 0 0 0 0 0 0 0 0 0 50 50 0 0 0 0 2.5 0 0 100 50 50 0 0 0 0 0 0 0 0 50  2
KQ8 (QJ9864) J 952 H NS QJ9864 952-KQ8-J 6-3-3-1 0 0 0 0 0 0 0 0 0 100 0 0 0 0 0 2 0 0 100 50 50 0 0 0 0 0 0 0 0 50  2
J (QJ9864) KQ8 952 H EW QJ9864 952-KQ8-J 6-3-3-1 0 0 0 0 0 0 0 0 0 0 0 50 50 0 0 4.5 0 50 50 50 0 0 0 0 0 0 50 50 50 50  2
J (QJ9864) KQ8 952 H -- QJ9864 952-KQ8-J 6-3-3-1 0 0 0 0 0 0 0 0 0 0 50 50 0 0 0 3.5 0 0 100 50 50 0 0 0 0 0 0 0 0 50  2
J (QJ9864) KQ8 952 H ++ QJ9864 952-KQ8-J 6-3-3-1 0 0 0 0 0 0 0 0 0 0 50 50 0 0 0 3.5 0 0 100 50 50 0 0 0 0 0 0 0 0 50  2
J (QJ9864) KQ8 952 H NS QJ9864 952-KQ8-J 6-3-3-1 0 0 0 0 0 0 0 0 0 50 50 0 0 0 0 2.5 0 0 100 100 0 0 0 0 0 0 0 0 0 0  2
952 KQ8 (QJ9864) J D EW QJ9864 952-KQ8-J 6-3-3-1 0 0 0 0 0 0 0 0 0 0 50 50 0 0 0 3.5 0 0 100 0 50 0 0 0 0 50 0 50 50 50  2
952 KQ8 (QJ9864) J D -- QJ9864 952-KQ8-J 6-3-3-1 0 0 0 0 0 0 0 0 0 0 100 0 0 0 0 3 0 0 100 50 50 0 0 0 0 0 0 0 0 50  2
952 KQ8 (QJ9864) J D ++ QJ9864 952-KQ8-J 6-3-3-1 0 0 0 0 0 0 0 0 0 50 50 0 0 0 0 2.5 0 0 100 50 50 0 0 0 0 0 0 0 0 50  2
952 KQ8 (QJ9864) J D NS QJ9864 952-KQ8-J 6-3-3-1 0 0 0 0 0 0 0 0 0 100 0 0 0 0 0 2 0 0 100 50 50 0 0 0 0 0 0 0 0 50  2
952 J (QJ9864) KQ8 D EW QJ9864 952-KQ8-J 6-3-3-1 0 0 0 0 0 0 0 0 0 0 0 50 50 0 0 4.5 0 50 50 0 0 0 0 0 0 50 50 100 100 50  2
952 J (QJ9864) KQ8 D -- QJ9864 952-KQ8-J 6-3-3-1 0 0 0 0 0 0 0 0 0 0 50 50 0 0 0 3.5 0 0 100 50 50 0 0 0 0 0 0 0 0 50  2
952 J (QJ9864) KQ8 D ++ QJ9864 952-KQ8-J 6-3-3-1 0 0 0 0 0 0 0 0 0 0 50 50 0 0 0 3.5 0 0 100 50 50 0 0 0 0 0 0 0 0 50  2
952 J (QJ9864) KQ8 D NS QJ9864 952-KQ8-J 6-3-3-1 0 0 0 0 0 0 0 0 0 50 50 0 0 0 0 2.5 0 0 100 100 0 0 0 0 0 0 0 0 0 0  2
KQ8 952 (QJ9864) J D EW QJ9864 952-KQ8-J 6-3-3-1 0 0 0 0 0 0 0 0 0 0 50 50 0 0 0 3.5 0 0 100 0 50 0 0 0 0 50 0 50 50 50  2
KQ8 952 (QJ9864) J D -- QJ9864 952-KQ8-J 6-3-3-1 0 0 0 0 0 0 0 0 0 0 100 0 0 0 0 3 0 0 100 50 50 0 0 0 0 0 0 0 0 50  2
KQ8 952 (QJ9864) J D ++ QJ9864 952-KQ8-J 6-3-3-1 0 0 0 0 0 0 0 0 0 50 50 0 0 0 0 2.5 0 0 100 50 50 0 0 0 0 0 0 0 0 50  2
KQ8 952 (QJ9864) J D NS QJ9864 952-KQ8-J 6-3-3-1 0 0 0 0 0 0 0 0 0 100 0 0 0 0 0 2 0 0 100 50 50 0 0 0 0 0 0 0 0 50  2
J 952 (QJ9864) KQ8 D EW QJ9864 952-KQ8-J 6-3-3-1 0 0 0 0 0 0 0 0 0 0 0 50 50 0 0 4.5 0 50 50 50 0 0 0 0 0 0 50 50 50 50  2
J 952 (QJ9864) KQ8 D -- QJ9864 952-KQ8-J 6-3-3-1 0 0 0 0 0 0 0 0 0 0 50 50 0 0 0 3.5 0 0 100 50 50 0 0 0 0 0 0 0 0 50  2
J 952 (QJ9864) KQ8 D ++ QJ9864 952-KQ8-J 6-3-3-1 0 0 0 0 0 0 0 0 0 0 50 50 0 0 0 3.5 0 0 100 50 50 0 0 0 0 0 0 0 0 50  2
J 952 (QJ9864) KQ8 D NS QJ9864 952-KQ8-J 6-3-3-1 0 0 0 0 0 0 0 0 0 50 50 0 0 0 0 2.5 0 0 100 100 0 0 0 0 0 0 0 0 0 0  2
KQ8 J (QJ9864) 952 D EW QJ9864 952-KQ8-J 6-3-3-1 0 0 0 0 0 0 0 0 0 0 0 50 50 0 0 4.5 0 50 50 50 0 0 0 0 0 0 50 50 50 50  2
KQ8 J (QJ9864) 952 D -- QJ9864 952-KQ8-J 6-3-3-1 0 0 0 0 0 0 0 0 0 0 50 50 0 0 0 3.5 0 0 100 50 50 0 0 0 0 0 0 0 0 50  2
KQ8 J (QJ9864) 952 D ++ QJ9864 952-KQ8-J 6-3-3-1 0 0 0 0 0 0 0 0 0 0 50 50 0 0 0 3.5 0 0 100 50 50 0 0 0 0 0 0 0 0 50  2
KQ8 J (QJ9864) 952 D NS QJ9864 952-KQ8-J 6-3-3-1 0 0 0 0 0 0 0 0 0 50 50 0 0 0 0 2.5 0 0 100 100 0 0 0 0 0 0 0 0 0 0  2
J KQ8 (QJ9864) 952 D EW QJ9864 952-KQ8-J 6-3-3-1 0 0 0 0 0 0 0 0 0 0 0 50 50 0 0 4.5 0 50 50 50 0 0 0 0 0 0 50 50 50 50  2
J KQ8 (QJ9864) 952 D -- QJ9864 952-KQ8-J 6-3-3-1 0 0 0 0 0 0 0 0 0 0 50 50 0 0 0 3.5 0 0 100 50 50 0 0 0 0 0 0 0 0 50  2
J KQ8 (QJ9864) 952 D ++ QJ9864 952-KQ8-J 6-3-3-1 0 0 0 0 0 0 0 0 0 0 50 50 0 0 0 3.5 0 0 100 50 50 0 0 0 0 0 0 0 0 50  2
J KQ8 (QJ9864) 952 D NS QJ9864 952-KQ8-J 6-3-3-1 0 0 0 0 0 0 0 0 0 50 50 0 0 0 0 2.5 0 0 100 100 0 0 0 0 0 0 0 0 0 0  2
952 KQ8 J (QJ9864) C EW QJ9864 952-KQ8-J 6-3-3-1 0 0 0 0 0 0 0 0 0 0 50 50 0 0 0 3.5 0 0 100 0 50 0 0 0 0 50 0 50 50 50  2
952 KQ8 J (QJ9864) C -- QJ9864 952-KQ8-J 6-3-3-1 0 0 0 0 0 0 0 0 0 0 100 0 0 0 0 3 0 0 100 50 50 0 0 0 0 0 0 0 0 50  2
952 KQ8 J (QJ9864) C ++ QJ9864 952-KQ8-J 6-3-3-1 0 0 0 0 0 0 0 0 0 50 50 0 0 0 0 2.5 0 0 100 50 50 0 0 0 0 0 0 0 0 50  2
952 KQ8 J (QJ9864) C NS QJ9864 952-KQ8-J 6-3-3-1 0 0 0 0 0 0 0 0 0 100 0 0 0 0 0 2 0 0 100 50 50 0 0 0 0 0 0 0 0 50  2
952 J KQ8 (QJ9864) C EW QJ9864 952-KQ8-J 6-3-3-1 0 0 0 0 0 0 0 0 0 0 0 50 50 0 0 4.5 0 50 50 0 0 0 0 0 0 50 50 100 100 50  2
952 J KQ8 (QJ9864) C -- QJ9864 952-KQ8-J 6-3-3-1 0 0 0 0 0 0 0 0 0 0 50 50 0 0 0 3.5 0 0 100 50 50 0 0 0 0 0 0 0 0 50  2
952 J KQ8 (QJ9864) C ++ QJ9864 952-KQ8-J 6-3-3-1 0 0 0 0 0 0 0 0 0 0 50 50 0 0 0 3.5 0 0 100 50 50 0 0 0 0 0 0 0 0 50  2
952 J KQ8 (QJ9864) C NS QJ9864 952-KQ8-J 6-3-3-1 0 0 0 0 0 0 0 0 0 50 50 0 0 0 0 2.5 0 0 100 100 0 0 0 0 0 0 0 0 0 0  2
KQ8 952 J (QJ9864) C EW QJ9864 952-KQ8-J 6-3-3-1 0 0 0 0 0 0 0 0 0 0 50 50 0 0 0 3.5 0 0 100 0 50 0 0 0 0 50 0 50 50 50  2
KQ8 952 J (QJ9864) C -- QJ9864 952-KQ8-J 6-3-3-1 0 0 0 0 0 0 0 0 0 0 100 0 0 0 0 3 0 0 100 50 50 0 0 0 0 0 0 0 0 50  2
KQ8 952 J (QJ9864) C ++ QJ9864 952-KQ8-J 6-3-3-1 0 0 0 0 0 0 0 0 0 50 50 0 0 0 0 2.5 0 0 100 50 50 0 0 0 0 0 0 0 0 50  2
KQ8 952 J (QJ9864) C NS QJ9864 952-KQ8-J 6-3-3-1 0 0 0 0 0 0 0 0 0 100 0 0 0 0 0 2 0 0 100 50 50 0 0 0 0 0 0 0 0 50  2
J 952 KQ8 (QJ9864) C EW QJ9864 952-KQ8-J 6-3-3-1 0 0 0 0 0 0 0 0 0 0 0 50 50 0 0 4.5 0 50 50 50 0 0 0 0 0 0 50 50 50 50  2
J 952 KQ8 (QJ9864) C -- QJ9864 952-KQ8-J 6-3-3-1 0 0 0 0 0 0 0 0 0 0 50 50 0 0 0 3.5 0 0 100 50 50 0 0 0 0 0 0 0 0 50  2
J 952 KQ8 (QJ9864) C ++ QJ9864 952-KQ8-J 6-3-3-1 0 0 0 0 0 0 0 0 0 0 50 50 0 0 0 3.5 0 0 100 50 50 0 0 0 0 0 0 0 0 50  2
J 952 KQ8 (QJ9864) C NS QJ9864 952-KQ8-J 6-3-3-1 0 0 0 0 0 0 0 0 0 50 50 0 0 0 0 2.5 0 0 100 100 0 0 0 0 0 0 0 0 0 0  2
KQ8 J 952 (QJ9864) C EW QJ9864 952-KQ8-J 6-3-3-1 0 0 0 0 0 0 0 0 0 0 0 50 50 0 0 4.5 0 50 50 50 0 0 0 0 0 0 50 50 50 50  2
KQ8 J 952 (QJ9864) C -- QJ9864 952-KQ8-J 6-3-3-1 0 0 0 0 0 0 0 0 0 0 50 50 0 0 0 3.5 0 0 100 50 50 0 0 0 0 0 0 0 0 50  2
KQ8 J 952 (QJ9864) C ++ QJ9864 952-KQ8-J 6-3-3-1 0 0 0 0 0 0 0 0 0 0 50 50 0 0 0 3.5 0 0 100 50 50 0 0 0 0 0 0 0 0 50  2
KQ8 J 952 (QJ9864) C NS QJ9864 952-KQ8-J 6-3-3-1 0 0 0 0 0 0 0 0 0 50 50 0 0 0 0 2.5 0 0 100 100 0 0 0 0 0 0 0 0 0 0  2
J KQ8 952 (QJ9864) C EW QJ9864 952-KQ8-J 6-3-3-1 0 0 0 0 0 0 0 0 0 0 0 50 50 0 0 4.5 0 50 50 50 0 0 0 0 0 0 50 50 50 50  2
J KQ8 952 (QJ9864) C -- QJ9864 952-KQ8-J 6-3-3-1 0 0 0 0 0 0 0 0 0 0 50 50 0 0 0 3.5 0 0 100 50 50 0 0 0 0 0 0 0 0 50  2
J KQ8 952 (QJ9864) C ++ QJ9864 952-KQ8-J 6-3-3-1 0 0 0 0 0 0 0 0 0 0 50 50 0 0 0 3.5 0 0 100 50 50 0 0 0 0 0 0 0 0 50  2
J KQ8 952 (QJ9864) C NS QJ9864 952-KQ8-J 6-3-3-1 0 0 0 0 0 0 0 0 0 50 50 0 0 0 0 2.5 0 0 100 100 0 0 0 0 0 0 0 0 0 0  2
