S H D C Bid Vul Combo OtherCombo HandPattern NO -6 -5 -4 -3 -2 -1 0 1 2 3 4 5 6 7 avg ParPos ParNeg noPar b000 b001 b010 b011 b100 b101 b110 b111 b1xx bx1x bxx1  Cnt
(AQ9743) Q764 J4 7 S EW AQ9743 Q764-J4-7 6-4-2-1 50 0 0 0 0 0 0 0 0 0 0 0 0 50 0 6 50 0 50 0 0 0 0 50 50 0 0 100 0 50  2
(AQ9743) Q764 J4 7 S -- AQ9743 Q764-J4-7 6-4-2-1 50 0 0 0 0 0 0 0 0 0 0 0 0 50 0 6 50 0 50 0 0 0 0 50 50 0 0 100 0 50  2
(AQ9743) Q764 J4 7 S ++ AQ9743 Q764-J4-7 6-4-2-1 50 0 0 0 0 0 0 0 0 0 0 0 0 50 0 6 50 0 50 0 0 0 0 50 50 0 0 100 0 50  2
(AQ9743) Q764 J4 7 S NS AQ9743 Q764-J4-7 6-4-2-1 50 0 0 0 0 0 0 0 0 0 0 0 0 50 0 6 50 0 50 0 0 0 0 50 50 0 0 100 0 50  2
(AQ9743) Q764 7 J4 S EW AQ9743 Q764-J4-7 6-4-2-1 50 0 0 0 0 0 0 0 0 0 0 0 0 50 0 6 50 0 50 0 0 0 0 50 50 0 0 100 0 50  2
(AQ9743) Q764 7 J4 S -- AQ9743 Q764-J4-7 6-4-2-1 50 0 0 0 0 0 0 0 0 0 0 0 0 50 0 6 50 0 50 0 0 0 0 50 50 0 0 100 0 50  2
(AQ9743) Q764 7 J4 S ++ AQ9743 Q764-J4-7 6-4-2-1 50 0 0 0 0 0 0 0 0 0 0 0 0 50 0 6 50 0 50 0 0 0 0 50 50 0 0 100 0 50  2
(AQ9743) Q764 7 J4 S NS AQ9743 Q764-J4-7 6-4-2-1 50 0 0 0 0 0 0 0 0 0 0 0 0 50 0 6 50 0 50 0 0 0 0 50 50 0 0 100 0 50  2
(AQ9743) J4 Q764 7 S EW AQ9743 Q764-J4-7 6-4-2-1 50 0 0 0 0 0 0 0 0 0 0 0 0 50 0 6 50 0 50 0 0 0 0 50 50 0 0 100 0 50  2
(AQ9743) J4 Q764 7 S -- AQ9743 Q764-J4-7 6-4-2-1 50 0 0 0 0 0 0 0 0 0 0 0 0 50 0 6 50 0 50 0 0 0 0 50 50 0 0 100 0 50  2
(AQ9743) J4 Q764 7 S ++ AQ9743 Q764-J4-7 6-4-2-1 50 0 0 0 0 0 0 0 0 0 0 0 0 50 0 6 50 0 50 0 0 0 0 50 50 0 0 100 0 50  2
(AQ9743) J4 Q764 7 S NS AQ9743 Q764-J4-7 6-4-2-1 50 0 0 0 0 0 0 0 0 0 0 0 0 50 0 6 50 0 50 0 0 0 0 50 50 0 0 100 0 50  2
(AQ9743) 7 Q764 J4 S EW AQ9743 Q764-J4-7 6-4-2-1 50 0 0 0 0 0 0 0 0 0 0 0 0 50 0 6 50 0 50 0 0 0 0 50 50 0 0 100 0 50  2
(AQ9743) 7 Q764 J4 S -- AQ9743 Q764-J4-7 6-4-2-1 50 0 0 0 0 0 0 0 0 0 0 0 0 50 0 6 50 0 50 0 0 0 0 50 50 0 0 100 0 50  2
(AQ9743) 7 Q764 J4 S ++ AQ9743 Q764-J4-7 6-4-2-1 50 0 0 0 0 0 0 0 0 0 0 0 0 50 0 6 50 0 50 0 0 0 0 50 50 0 0 100 0 50  2
(AQ9743) 7 Q764 J4 S NS AQ9743 Q764-J4-7 6-4-2-1 50 0 0 0 0 0 0 0 0 0 0 0 0 50 0 6 50 0 50 0 0 0 0 50 50 0 0 100 0 50  2
(AQ9743) J4 7 Q764 S EW AQ9743 Q764-J4-7 6-4-2-1 50 0 0 0 0 0 0 0 0 0 0 0 0 50 0 6 50 0 50 0 0 0 0 50 50 0 0 100 0 50  2
(AQ9743) J4 7 Q764 S -- AQ9743 Q764-J4-7 6-4-2-1 50 0 0 0 0 0 0 0 0 0 0 0 0 50 0 6 50 0 50 0 0 0 0 50 50 0 0 100 0 50  2
(AQ9743) J4 7 Q764 S ++ AQ9743 Q764-J4-7 6-4-2-1 50 0 0 0 0 0 0 0 0 0 0 0 0 50 0 6 50 0 50 0 0 0 0 50 50 0 0 100 0 50  2
(AQ9743) J4 7 Q764 S NS AQ9743 Q764-J4-7 6-4-2-1 50 0 0 0 0 0 0 0 0 0 0 0 0 50 0 6 50 0 50 0 0 0 0 50 50 0 0 100 0 50  2
(AQ9743) 7 J4 Q764 S EW AQ9743 Q764-J4-7 6-4-2-1 50 0 0 0 0 0 0 0 0 0 0 0 0 50 0 6 50 0 50 0 0 0 0 50 50 0 0 100 0 50  2
(AQ9743) 7 J4 Q764 S -- AQ9743 Q764-J4-7 6-4-2-1 50 0 0 0 0 0 0 0 0 0 0 0 0 50 0 6 50 0 50 0 0 0 0 50 50 0 0 100 0 50  2
(AQ9743) 7 J4 Q764 S ++ AQ9743 Q764-J4-7 6-4-2-1 50 0 0 0 0 0 0 0 0 0 0 0 0 50 0 6 50 0 50 0 0 0 0 50 50 0 0 100 0 50  2
(AQ9743) 7 J4 Q764 S NS AQ9743 Q764-J4-7 6-4-2-1 50 0 0 0 0 0 0 0 0 0 0 0 0 50 0 6 50 0 50 0 0 0 0 50 50 0 0 100 0 50  2
Q764 (AQ9743) J4 7 H EW AQ9743 Q764-J4-7 6-4-2-1 50 0 0 0 0 0 0 0 0 0 0 0 0 50 0 6 50 0 50 0 0 0 0 50 50 0 0 100 0 50  2
Q764 (AQ9743) J4 7 H -- AQ9743 Q764-J4-7 6-4-2-1 50 0 0 0 0 0 0 0 0 0 0 0 0 50 0 6 50 0 50 0 0 0 0 50 50 0 0 100 0 50  2
Q764 (AQ9743) J4 7 H ++ AQ9743 Q764-J4-7 6-4-2-1 50 0 0 0 0 0 0 0 0 0 0 0 0 50 0 6 50 0 50 0 0 0 0 50 50 0 0 100 0 50  2
Q764 (AQ9743) J4 7 H NS AQ9743 Q764-J4-7 6-4-2-1 50 0 0 0 0 0 0 0 0 0 0 0 0 50 0 6 50 0 50 0 0 0 0 50 50 0 0 100 0 50  2
Q764 (AQ9743) 7 J4 H EW AQ9743 Q764-J4-7 6-4-2-1 50 0 0 0 0 0 0 0 0 0 0 0 0 50 0 6 50 0 50 0 0 0 0 50 50 0 0 100 0 50  2
Q764 (AQ9743) 7 J4 H -- AQ9743 Q764-J4-7 6-4-2-1 50 0 0 0 0 0 0 0 0 0 0 0 0 50 0 6 50 0 50 0 0 0 0 50 50 0 0 100 0 50  2
Q764 (AQ9743) 7 J4 H ++ AQ9743 Q764-J4-7 6-4-2-1 50 0 0 0 0 0 0 0 0 0 0 0 0 50 0 6 50 0 50 0 0 0 0 50 50 0 0 100 0 50  2
Q764 (AQ9743) 7 J4 H NS AQ9743 Q764-J4-7 6-4-2-1 50 0 0 0 0 0 0 0 0 0 0 0 0 50 0 6 50 0 50 0 0 0 0 50 50 0 0 100 0 50  2
J4 (AQ9743) Q764 7 H EW AQ9743 Q764-J4-7 6-4-2-1 50 0 0 0 0 0 0 0 0 0 0 0 0 50 0 6 50 0 50 0 0 0 0 50 50 0 0 100 0 50  2
J4 (AQ9743) Q764 7 H -- AQ9743 Q764-J4-7 6-4-2-1 50 0 0 0 0 0 0 0 0 0 0 0 0 50 0 6 50 0 50 0 0 0 0 50 50 0 0 100 0 50  2
J4 (AQ9743) Q764 7 H ++ AQ9743 Q764-J4-7 6-4-2-1 50 0 0 0 0 0 0 0 0 0 0 0 0 50 0 6 50 0 50 0 0 0 0 50 50 0 0 100 0 50  2
J4 (AQ9743) Q764 7 H NS AQ9743 Q764-J4-7 6-4-2-1 50 0 0 0 0 0 0 0 0 0 0 0 0 50 0 6 50 0 50 0 0 0 0 50 50 0 0 100 0 50  2
7 (AQ9743) Q764 J4 H EW AQ9743 Q764-J4-7 6-4-2-1 50 0 0 0 0 0 0 0 0 0 0 0 0 50 0 6 50 0 50 0 0 0 0 50 50 0 0 100 0 50  2
7 (AQ9743) Q764 J4 H -- AQ9743 Q764-J4-7 6-4-2-1 50 0 0 0 0 0 0 0 0 0 0 0 0 50 0 6 50 0 50 0 0 0 0 50 50 0 0 100 0 50  2
7 (AQ9743) Q764 J4 H ++ AQ9743 Q764-J4-7 6-4-2-1 50 0 0 0 0 0 0 0 0 0 0 0 0 50 0 6 50 0 50 0 0 0 0 50 50 0 0 100 0 50  2
7 (AQ9743) Q764 J4 H NS AQ9743 Q764-J4-7 6-4-2-1 50 0 0 0 0 0 0 0 0 0 0 0 0 50 0 6 50 0 50 0 0 0 0 50 50 0 0 100 0 50  2
J4 (AQ9743) 7 Q764 H EW AQ9743 Q764-J4-7 6-4-2-1 50 0 0 0 0 0 0 0 0 0 0 0 0 50 0 6 50 0 50 0 0 0 0 50 50 0 0 100 0 50  2
J4 (AQ9743) 7 Q764 H -- AQ9743 Q764-J4-7 6-4-2-1 50 0 0 0 0 0 0 0 0 0 0 0 0 50 0 6 50 0 50 0 0 0 0 50 50 0 0 100 0 50  2
J4 (AQ9743) 7 Q764 H ++ AQ9743 Q764-J4-7 6-4-2-1 50 0 0 0 0 0 0 0 0 0 0 0 0 50 0 6 50 0 50 0 0 0 0 50 50 0 0 100 0 50  2
J4 (AQ9743) 7 Q764 H NS AQ9743 Q764-J4-7 6-4-2-1 50 0 0 0 0 0 0 0 0 0 0 0 0 50 0 6 50 0 50 0 0 0 0 50 50 0 0 100 0 50  2
7 (AQ9743) J4 Q764 H EW AQ9743 Q764-J4-7 6-4-2-1 50 0 0 0 0 0 0 0 0 0 0 0 0 50 0 6 50 0 50 0 0 0 0 50 50 0 0 100 0 50  2
7 (AQ9743) J4 Q764 H -- AQ9743 Q764-J4-7 6-4-2-1 50 0 0 0 0 0 0 0 0 0 0 0 0 50 0 6 50 0 50 0 0 0 0 50 50 0 0 100 0 50  2
7 (AQ9743) J4 Q764 H ++ AQ9743 Q764-J4-7 6-4-2-1 50 0 0 0 0 0 0 0 0 0 0 0 0 50 0 6 50 0 50 0 0 0 0 50 50 0 0 100 0 50  2
7 (AQ9743) J4 Q764 H NS AQ9743 Q764-J4-7 6-4-2-1 50 0 0 0 0 0 0 0 0 0 0 0 0 50 0 6 50 0 50 0 0 0 0 50 50 0 0 100 0 50  2
Q764 J4 (AQ9743) 7 D EW AQ9743 Q764-J4-7 6-4-2-1 50 0 0 0 0 0 0 0 0 0 0 0 0 50 0 6 50 0 50 0 0 0 0 50 50 0 0 100 0 50  2
Q764 J4 (AQ9743) 7 D -- AQ9743 Q764-J4-7 6-4-2-1 50 0 0 0 0 0 0 0 0 0 0 0 0 50 0 6 50 0 50 0 0 0 0 50 50 0 0 100 0 50  2
Q764 J4 (AQ9743) 7 D ++ AQ9743 Q764-J4-7 6-4-2-1 50 0 0 0 0 0 0 0 0 0 0 0 0 50 0 6 50 0 50 0 0 0 0 50 50 0 0 100 0 50  2
Q764 J4 (AQ9743) 7 D NS AQ9743 Q764-J4-7 6-4-2-1 50 0 0 0 0 0 0 0 0 0 0 0 0 50 0 6 50 0 50 0 0 0 0 50 50 0 0 100 0 50  2
Q764 7 (AQ9743) J4 D EW AQ9743 Q764-J4-7 6-4-2-1 50 0 0 0 0 0 0 0 0 0 0 0 0 50 0 6 50 0 50 0 0 0 0 50 50 0 0 100 0 50  2
Q764 7 (AQ9743) J4 D -- AQ9743 Q764-J4-7 6-4-2-1 50 0 0 0 0 0 0 0 0 0 0 0 0 50 0 6 50 0 50 0 0 0 0 50 50 0 0 100 0 50  2
Q764 7 (AQ9743) J4 D ++ AQ9743 Q764-J4-7 6-4-2-1 50 0 0 0 0 0 0 0 0 0 0 0 0 50 0 6 50 0 50 0 0 0 0 50 50 0 0 100 0 50  2
Q764 7 (AQ9743) J4 D NS AQ9743 Q764-J4-7 6-4-2-1 50 0 0 0 0 0 0 0 0 0 0 0 0 50 0 6 50 0 50 0 0 0 0 50 50 0 0 100 0 50  2
J4 Q764 (AQ9743) 7 D EW AQ9743 Q764-J4-7 6-4-2-1 50 0 0 0 0 0 0 0 0 0 0 0 0 50 0 6 50 0 50 0 0 0 0 50 50 0 0 100 0 50  2
J4 Q764 (AQ9743) 7 D -- AQ9743 Q764-J4-7 6-4-2-1 50 0 0 0 0 0 0 0 0 0 0 0 0 50 0 6 50 0 50 0 0 0 0 50 50 0 0 100 0 50  2
J4 Q764 (AQ9743) 7 D ++ AQ9743 Q764-J4-7 6-4-2-1 50 0 0 0 0 0 0 0 0 0 0 0 0 50 0 6 50 0 50 0 0 0 0 50 50 0 0 100 0 50  2
J4 Q764 (AQ9743) 7 D NS AQ9743 Q764-J4-7 6-4-2-1 50 0 0 0 0 0 0 0 0 0 0 0 0 50 0 6 50 0 50 0 0 0 0 50 50 0 0 100 0 50  2
7 Q764 (AQ9743) J4 D EW AQ9743 Q764-J4-7 6-4-2-1 50 0 0 0 0 0 0 0 0 0 0 0 0 50 0 6 50 0 50 0 0 0 0 50 50 0 0 100 0 50  2
7 Q764 (AQ9743) J4 D -- AQ9743 Q764-J4-7 6-4-2-1 50 0 0 0 0 0 0 0 0 0 0 0 0 50 0 6 50 0 50 0 0 0 0 50 50 0 0 100 0 50  2
7 Q764 (AQ9743) J4 D ++ AQ9743 Q764-J4-7 6-4-2-1 50 0 0 0 0 0 0 0 0 0 0 0 0 50 0 6 50 0 50 0 0 0 0 50 50 0 0 100 0 50  2
7 Q764 (AQ9743) J4 D NS AQ9743 Q764-J4-7 6-4-2-1 50 0 0 0 0 0 0 0 0 0 0 0 0 50 0 6 50 0 50 0 0 0 0 50 50 0 0 100 0 50  2
J4 7 (AQ9743) Q764 D EW AQ9743 Q764-J4-7 6-4-2-1 50 0 0 0 0 0 0 0 0 0 0 0 0 50 0 6 50 0 50 0 0 0 0 50 50 0 0 100 0 50  2
J4 7 (AQ9743) Q764 D -- AQ9743 Q764-J4-7 6-4-2-1 50 0 0 0 0 0 0 0 0 0 0 0 0 50 0 6 50 0 50 0 0 0 0 50 50 0 0 100 0 50  2
J4 7 (AQ9743) Q764 D ++ AQ9743 Q764-J4-7 6-4-2-1 50 0 0 0 0 0 0 0 0 0 0 0 0 50 0 6 50 0 50 0 0 0 0 50 50 0 0 100 0 50  2
J4 7 (AQ9743) Q764 D NS AQ9743 Q764-J4-7 6-4-2-1 50 0 0 0 0 0 0 0 0 0 0 0 0 50 0 6 50 0 50 0 0 0 0 50 50 0 0 100 0 50  2
7 J4 (AQ9743) Q764 D EW AQ9743 Q764-J4-7 6-4-2-1 50 0 0 0 0 0 0 0 0 0 0 0 0 50 0 6 50 0 50 0 0 0 0 50 50 0 0 100 0 50  2
7 J4 (AQ9743) Q764 D -- AQ9743 Q764-J4-7 6-4-2-1 50 0 0 0 0 0 0 0 0 0 0 0 0 50 0 6 50 0 50 0 0 0 0 50 50 0 0 100 0 50  2
7 J4 (AQ9743) Q764 D ++ AQ9743 Q764-J4-7 6-4-2-1 50 0 0 0 0 0 0 0 0 0 0 0 0 50 0 6 50 0 50 0 0 0 0 50 50 0 0 100 0 50  2
7 J4 (AQ9743) Q764 D NS AQ9743 Q764-J4-7 6-4-2-1 50 0 0 0 0 0 0 0 0 0 0 0 0 50 0 6 50 0 50 0 0 0 0 50 50 0 0 100 0 50  2
Q764 J4 7 (AQ9743) C EW AQ9743 Q764-J4-7 6-4-2-1 50 0 0 0 0 0 0 0 0 0 0 0 0 50 0 6 50 0 50 0 0 0 0 50 50 0 0 100 0 50  2
Q764 J4 7 (AQ9743) C -- AQ9743 Q764-J4-7 6-4-2-1 50 0 0 0 0 0 0 0 0 0 0 0 0 50 0 6 50 0 50 0 0 0 0 50 50 0 0 100 0 50  2
Q764 J4 7 (AQ9743) C ++ AQ9743 Q764-J4-7 6-4-2-1 50 0 0 0 0 0 0 0 0 0 0 0 0 50 0 6 50 0 50 0 0 0 0 50 50 0 0 100 0 50  2
Q764 J4 7 (AQ9743) C NS AQ9743 Q764-J4-7 6-4-2-1 50 0 0 0 0 0 0 0 0 0 0 0 0 50 0 6 50 0 50 0 0 0 0 50 50 0 0 100 0 50  2
Q764 7 J4 (AQ9743) C EW AQ9743 Q764-J4-7 6-4-2-1 50 0 0 0 0 0 0 0 0 0 0 0 0 50 0 6 50 0 50 0 0 0 0 50 50 0 0 100 0 50  2
Q764 7 J4 (AQ9743) C -- AQ9743 Q764-J4-7 6-4-2-1 50 0 0 0 0 0 0 0 0 0 0 0 0 50 0 6 50 0 50 0 0 0 0 50 50 0 0 100 0 50  2
Q764 7 J4 (AQ9743) C ++ AQ9743 Q764-J4-7 6-4-2-1 50 0 0 0 0 0 0 0 0 0 0 0 0 50 0 6 50 0 50 0 0 0 0 50 50 0 0 100 0 50  2
Q764 7 J4 (AQ9743) C NS AQ9743 Q764-J4-7 6-4-2-1 50 0 0 0 0 0 0 0 0 0 0 0 0 50 0 6 50 0 50 0 0 0 0 50 50 0 0 100 0 50  2
J4 Q764 7 (AQ9743) C EW AQ9743 Q764-J4-7 6-4-2-1 50 0 0 0 0 0 0 0 0 0 0 0 0 50 0 6 50 0 50 0 0 0 0 50 50 0 0 100 0 50  2
J4 Q764 7 (AQ9743) C -- AQ9743 Q764-J4-7 6-4-2-1 50 0 0 0 0 0 0 0 0 0 0 0 0 50 0 6 50 0 50 0 0 0 0 50 50 0 0 100 0 50  2
J4 Q764 7 (AQ9743) C ++ AQ9743 Q764-J4-7 6-4-2-1 50 0 0 0 0 0 0 0 0 0 0 0 0 50 0 6 50 0 50 0 0 0 0 50 50 0 0 100 0 50  2
J4 Q764 7 (AQ9743) C NS AQ9743 Q764-J4-7 6-4-2-1 50 0 0 0 0 0 0 0 0 0 0 0 0 50 0 6 50 0 50 0 0 0 0 50 50 0 0 100 0 50  2
7 Q764 J4 (AQ9743) C EW AQ9743 Q764-J4-7 6-4-2-1 50 0 0 0 0 0 0 0 0 0 0 0 0 50 0 6 50 0 50 0 0 0 0 50 50 0 0 100 0 50  2
7 Q764 J4 (AQ9743) C -- AQ9743 Q764-J4-7 6-4-2-1 50 0 0 0 0 0 0 0 0 0 0 0 0 50 0 6 50 0 50 0 0 0 0 50 50 0 0 100 0 50  2
7 Q764 J4 (AQ9743) C ++ AQ9743 Q764-J4-7 6-4-2-1 50 0 0 0 0 0 0 0 0 0 0 0 0 50 0 6 50 0 50 0 0 0 0 50 50 0 0 100 0 50  2
7 Q764 J4 (AQ9743) C NS AQ9743 Q764-J4-7 6-4-2-1 50 0 0 0 0 0 0 0 0 0 0 0 0 50 0 6 50 0 50 0 0 0 0 50 50 0 0 100 0 50  2
J4 7 Q764 (AQ9743) C EW AQ9743 Q764-J4-7 6-4-2-1 50 0 0 0 0 0 0 0 0 0 0 0 0 50 0 6 50 0 50 0 0 0 0 50 50 0 0 100 0 50  2
J4 7 Q764 (AQ9743) C -- AQ9743 Q764-J4-7 6-4-2-1 50 0 0 0 0 0 0 0 0 0 0 0 0 50 0 6 50 0 50 0 0 0 0 50 50 0 0 100 0 50  2
J4 7 Q764 (AQ9743) C ++ AQ9743 Q764-J4-7 6-4-2-1 50 0 0 0 0 0 0 0 0 0 0 0 0 50 0 6 50 0 50 0 0 0 0 50 50 0 0 100 0 50  2
J4 7 Q764 (AQ9743) C NS AQ9743 Q764-J4-7 6-4-2-1 50 0 0 0 0 0 0 0 0 0 0 0 0 50 0 6 50 0 50 0 0 0 0 50 50 0 0 100 0 50  2
7 J4 Q764 (AQ9743) C EW AQ9743 Q764-J4-7 6-4-2-1 50 0 0 0 0 0 0 0 0 0 0 0 0 50 0 6 50 0 50 0 0 0 0 50 50 0 0 100 0 50  2
7 J4 Q764 (AQ9743) C -- AQ9743 Q764-J4-7 6-4-2-1 50 0 0 0 0 0 0 0 0 0 0 0 0 50 0 6 50 0 50 0 0 0 0 50 50 0 0 100 0 50  2
7 J4 Q764 (AQ9743) C ++ AQ9743 Q764-J4-7 6-4-2-1 50 0 0 0 0 0 0 0 0 0 0 0 0 50 0 6 50 0 50 0 0 0 0 50 50 0 0 100 0 50  2
7 J4 Q764 (AQ9743) C NS AQ9743 Q764-J4-7 6-4-2-1 50 0 0 0 0 0 0 0 0 0 0 0 0 50 0 6 50 0 50 0 0 0 0 50 50 0 0 100 0 50  2
(AQ9743) KJ83 K3 T S EW AQ9743 KJ83-K3-T 6-4-2-1 0 0 0 0 0 0 0 0 0 0 0 100 0 0 0 4 50 50 0 0 0 0 0 0 50 0 50 100 50 100  2
(AQ9743) KJ83 K3 T S -- AQ9743 KJ83-K3-T 6-4-2-1 0 0 0 0 0 0 0 0 0 0 0 100 0 0 0 4 50 50 0 0 0 0 0 0 50 0 50 100 50 100  2
(AQ9743) KJ83 K3 T S ++ AQ9743 KJ83-K3-T 6-4-2-1 0 0 0 0 0 0 0 0 0 0 0 100 0 0 0 4 50 50 0 0 0 0 0 0 50 0 50 100 50 100  2
(AQ9743) KJ83 K3 T S NS AQ9743 KJ83-K3-T 6-4-2-1 0 0 0 0 0 0 0 0 0 0 50 50 0 0 0 3.5 50 0 50 50 0 0 0 0 50 0 0 50 0 50  2
(AQ9743) KJ83 T K3 S EW AQ9743 KJ83-K3-T 6-4-2-1 0 0 0 0 0 0 0 0 0 0 0 100 0 0 0 4 50 50 0 0 0 0 0 0 50 0 50 100 50 100  2
(AQ9743) KJ83 T K3 S -- AQ9743 KJ83-K3-T 6-4-2-1 0 0 0 0 0 0 0 0 0 0 0 100 0 0 0 4 50 50 0 0 0 0 0 0 50 0 50 100 50 100  2
(AQ9743) KJ83 T K3 S ++ AQ9743 KJ83-K3-T 6-4-2-1 0 0 0 0 0 0 0 0 0 0 0 100 0 0 0 4 50 50 0 0 0 0 0 0 50 0 50 100 50 100  2
(AQ9743) KJ83 T K3 S NS AQ9743 KJ83-K3-T 6-4-2-1 0 0 0 0 0 0 0 0 0 0 50 50 0 0 0 3.5 50 0 50 50 0 0 0 0 50 0 0 50 0 50  2
(AQ9743) K3 KJ83 T S EW AQ9743 KJ83-K3-T 6-4-2-1 0 0 0 0 0 0 0 0 0 0 0 100 0 0 0 4 50 50 0 0 0 0 0 0 50 0 50 100 50 100  2
(AQ9743) K3 KJ83 T S -- AQ9743 KJ83-K3-T 6-4-2-1 0 0 0 0 0 0 0 0 0 0 0 100 0 0 0 4 50 50 0 0 0 0 0 0 50 0 50 100 50 100  2
(AQ9743) K3 KJ83 T S ++ AQ9743 KJ83-K3-T 6-4-2-1 0 0 0 0 0 0 0 0 0 0 0 100 0 0 0 4 50 50 0 0 0 0 0 0 50 0 50 100 50 100  2
(AQ9743) K3 KJ83 T S NS AQ9743 KJ83-K3-T 6-4-2-1 0 0 0 0 0 0 0 0 0 0 50 50 0 0 0 3.5 50 0 50 50 0 0 0 0 50 0 0 50 0 50  2
(AQ9743) T KJ83 K3 S EW AQ9743 KJ83-K3-T 6-4-2-1 0 0 0 0 0 0 0 0 0 0 0 100 0 0 0 4 50 50 0 0 0 0 0 0 50 0 50 100 50 100  2
(AQ9743) T KJ83 K3 S -- AQ9743 KJ83-K3-T 6-4-2-1 0 0 0 0 0 0 0 0 0 0 0 100 0 0 0 4 50 50 0 0 0 0 0 0 50 0 50 100 50 100  2
(AQ9743) T KJ83 K3 S ++ AQ9743 KJ83-K3-T 6-4-2-1 0 0 0 0 0 0 0 0 0 0 0 100 0 0 0 4 50 50 0 0 0 0 0 0 50 0 50 100 50 100  2
(AQ9743) T KJ83 K3 S NS AQ9743 KJ83-K3-T 6-4-2-1 0 0 0 0 0 0 0 0 0 0 50 50 0 0 0 3.5 50 0 50 50 0 0 0 0 50 0 0 50 0 50  2
(AQ9743) K3 T KJ83 S EW AQ9743 KJ83-K3-T 6-4-2-1 0 0 0 0 0 0 0 0 0 0 0 100 0 0 0 4 50 50 0 0 0 0 0 0 50 0 50 100 50 100  2
(AQ9743) K3 T KJ83 S -- AQ9743 KJ83-K3-T 6-4-2-1 0 0 0 0 0 0 0 0 0 0 0 100 0 0 0 4 50 50 0 0 0 0 0 0 50 0 50 100 50 100  2
(AQ9743) K3 T KJ83 S ++ AQ9743 KJ83-K3-T 6-4-2-1 0 0 0 0 0 0 0 0 0 0 0 100 0 0 0 4 50 50 0 0 0 0 0 0 50 0 50 100 50 100  2
(AQ9743) K3 T KJ83 S NS AQ9743 KJ83-K3-T 6-4-2-1 0 0 0 0 0 0 0 0 0 0 50 50 0 0 0 3.5 50 0 50 50 0 0 0 0 50 0 0 50 0 50  2
(AQ9743) T K3 KJ83 S EW AQ9743 KJ83-K3-T 6-4-2-1 0 0 0 0 0 0 0 0 0 0 0 100 0 0 0 4 50 50 0 0 0 0 0 0 50 0 50 100 50 100  2
(AQ9743) T K3 KJ83 S -- AQ9743 KJ83-K3-T 6-4-2-1 0 0 0 0 0 0 0 0 0 0 0 100 0 0 0 4 50 50 0 0 0 0 0 0 50 0 50 100 50 100  2
(AQ9743) T K3 KJ83 S ++ AQ9743 KJ83-K3-T 6-4-2-1 0 0 0 0 0 0 0 0 0 0 0 100 0 0 0 4 50 50 0 0 0 0 0 0 50 0 50 100 50 100  2
(AQ9743) T K3 KJ83 S NS AQ9743 KJ83-K3-T 6-4-2-1 0 0 0 0 0 0 0 0 0 0 50 50 0 0 0 3.5 50 0 50 50 0 0 0 0 50 0 0 50 0 50  2
KJ83 (AQ9743) K3 T H EW AQ9743 KJ83-K3-T 6-4-2-1 0 0 0 0 0 0 0 0 0 0 0 100 0 0 0 4 50 50 0 0 0 0 0 0 50 0 50 100 50 100  2
KJ83 (AQ9743) K3 T H -- AQ9743 KJ83-K3-T 6-4-2-1 0 0 0 0 0 0 0 0 0 0 0 100 0 0 0 4 50 50 0 0 0 0 0 0 50 0 50 100 50 100  2
KJ83 (AQ9743) K3 T H ++ AQ9743 KJ83-K3-T 6-4-2-1 0 0 0 0 0 0 0 0 0 0 0 100 0 0 0 4 50 50 0 0 0 0 0 0 50 0 50 100 50 100  2
KJ83 (AQ9743) K3 T H NS AQ9743 KJ83-K3-T 6-4-2-1 0 0 0 0 0 0 0 0 0 0 50 50 0 0 0 3.5 50 0 50 50 0 0 0 0 50 0 0 50 0 50  2
KJ83 (AQ9743) T K3 H EW AQ9743 KJ83-K3-T 6-4-2-1 0 0 0 0 0 0 0 0 0 0 0 100 0 0 0 4 50 50 0 0 0 0 0 0 50 0 50 100 50 100  2
KJ83 (AQ9743) T K3 H -- AQ9743 KJ83-K3-T 6-4-2-1 0 0 0 0 0 0 0 0 0 0 0 100 0 0 0 4 50 50 0 0 0 0 0 0 50 0 50 100 50 100  2
KJ83 (AQ9743) T K3 H ++ AQ9743 KJ83-K3-T 6-4-2-1 0 0 0 0 0 0 0 0 0 0 0 100 0 0 0 4 50 50 0 0 0 0 0 0 50 0 50 100 50 100  2
KJ83 (AQ9743) T K3 H NS AQ9743 KJ83-K3-T 6-4-2-1 0 0 0 0 0 0 0 0 0 0 50 50 0 0 0 3.5 50 0 50 50 0 0 0 0 50 0 0 50 0 50  2
K3 (AQ9743) KJ83 T H EW AQ9743 KJ83-K3-T 6-4-2-1 0 0 0 0 0 0 0 0 0 0 0 50 50 0 0 4.5 50 50 0 0 0 0 0 0 50 0 50 100 50 100  2
K3 (AQ9743) KJ83 T H -- AQ9743 KJ83-K3-T 6-4-2-1 0 0 0 0 0 0 0 0 0 0 0 100 0 0 0 4 50 0 50 50 0 0 0 0 50 0 0 50 0 50  2
K3 (AQ9743) KJ83 T H ++ AQ9743 KJ83-K3-T 6-4-2-1 0 0 0 0 0 0 0 0 0 0 0 100 0 0 0 4 50 0 50 50 0 0 0 0 50 0 0 50 0 50  2
K3 (AQ9743) KJ83 T H NS AQ9743 KJ83-K3-T 6-4-2-1 0 0 0 0 0 0 0 0 0 0 50 50 0 0 0 3.5 50 0 50 50 0 0 0 0 50 0 0 50 0 50  2
T (AQ9743) KJ83 K3 H EW AQ9743 KJ83-K3-T 6-4-2-1 0 0 0 0 0 0 0 0 0 0 0 50 50 0 0 4.5 50 50 0 0 0 0 0 0 50 0 50 100 50 100  2
T (AQ9743) KJ83 K3 H -- AQ9743 KJ83-K3-T 6-4-2-1 0 0 0 0 0 0 0 0 0 0 0 100 0 0 0 4 50 0 50 50 0 0 0 0 50 0 0 50 0 50  2
T (AQ9743) KJ83 K3 H ++ AQ9743 KJ83-K3-T 6-4-2-1 0 0 0 0 0 0 0 0 0 0 0 100 0 0 0 4 50 0 50 50 0 0 0 0 50 0 0 50 0 50  2
T (AQ9743) KJ83 K3 H NS AQ9743 KJ83-K3-T 6-4-2-1 0 0 0 0 0 0 0 0 0 0 50 50 0 0 0 3.5 50 0 50 50 0 0 0 0 50 0 0 50 0 50  2
K3 (AQ9743) T KJ83 H EW AQ9743 KJ83-K3-T 6-4-2-1 0 0 0 0 0 0 0 0 0 0 0 50 50 0 0 4.5 50 50 0 0 0 0 0 0 50 0 50 100 50 100  2
K3 (AQ9743) T KJ83 H -- AQ9743 KJ83-K3-T 6-4-2-1 0 0 0 0 0 0 0 0 0 0 0 100 0 0 0 4 50 0 50 50 0 0 0 0 50 0 0 50 0 50  2
K3 (AQ9743) T KJ83 H ++ AQ9743 KJ83-K3-T 6-4-2-1 0 0 0 0 0 0 0 0 0 0 0 100 0 0 0 4 50 0 50 50 0 0 0 0 50 0 0 50 0 50  2
K3 (AQ9743) T KJ83 H NS AQ9743 KJ83-K3-T 6-4-2-1 0 0 0 0 0 0 0 0 0 0 50 50 0 0 0 3.5 50 0 50 50 0 0 0 0 50 0 0 50 0 50  2
T (AQ9743) K3 KJ83 H EW AQ9743 KJ83-K3-T 6-4-2-1 0 0 0 0 0 0 0 0 0 0 0 50 50 0 0 4.5 50 50 0 0 0 0 0 0 50 0 50 100 50 100  2
T (AQ9743) K3 KJ83 H -- AQ9743 KJ83-K3-T 6-4-2-1 0 0 0 0 0 0 0 0 0 0 0 100 0 0 0 4 50 0 50 50 0 0 0 0 50 0 0 50 0 50  2
T (AQ9743) K3 KJ83 H ++ AQ9743 KJ83-K3-T 6-4-2-1 0 0 0 0 0 0 0 0 0 0 0 100 0 0 0 4 50 0 50 50 0 0 0 0 50 0 0 50 0 50  2
T (AQ9743) K3 KJ83 H NS AQ9743 KJ83-K3-T 6-4-2-1 0 0 0 0 0 0 0 0 0 0 50 50 0 0 0 3.5 50 0 50 50 0 0 0 0 50 0 0 50 0 50  2
KJ83 K3 (AQ9743) T D EW AQ9743 KJ83-K3-T 6-4-2-1 50 0 0 0 0 0 0 0 0 0 0 0 50 0 0 5 0 50 50 0 0 0 0 50 0 0 50 100 50 50  2
KJ83 K3 (AQ9743) T D -- AQ9743 KJ83-K3-T 6-4-2-1 50 0 0 0 0 0 0 0 0 0 0 50 0 0 0 4 0 0 100 50 0 0 0 50 0 0 0 50 0 0  2
KJ83 K3 (AQ9743) T D ++ AQ9743 KJ83-K3-T 6-4-2-1 50 0 0 0 0 0 0 0 0 0 0 50 0 0 0 4 0 0 100 50 0 0 0 50 0 0 0 50 0 0  2
KJ83 K3 (AQ9743) T D NS AQ9743 KJ83-K3-T 6-4-2-1 50 0 0 0 0 0 0 0 0 0 50 0 0 0 0 3 0 0 100 50 0 0 0 50 0 0 0 50 0 0  2
KJ83 T (AQ9743) K3 D EW AQ9743 KJ83-K3-T 6-4-2-1 50 0 0 0 0 0 0 0 0 0 0 0 50 0 0 5 0 50 50 0 0 0 0 50 0 0 50 100 50 50  2
KJ83 T (AQ9743) K3 D -- AQ9743 KJ83-K3-T 6-4-2-1 50 0 0 0 0 0 0 0 0 0 0 50 0 0 0 4 0 0 100 50 0 0 0 50 0 0 0 50 0 0  2
KJ83 T (AQ9743) K3 D ++ AQ9743 KJ83-K3-T 6-4-2-1 50 0 0 0 0 0 0 0 0 0 0 50 0 0 0 4 0 0 100 50 0 0 0 50 0 0 0 50 0 0  2
KJ83 T (AQ9743) K3 D NS AQ9743 KJ83-K3-T 6-4-2-1 50 0 0 0 0 0 0 0 0 0 50 0 0 0 0 3 0 0 100 50 0 0 0 50 0 0 0 50 0 0  2
K3 KJ83 (AQ9743) T D EW AQ9743 KJ83-K3-T 6-4-2-1 50 0 0 0 0 0 0 0 0 0 0 0 50 0 0 5 0 50 50 0 0 0 0 50 0 0 50 100 50 50  2
K3 KJ83 (AQ9743) T D -- AQ9743 KJ83-K3-T 6-4-2-1 50 0 0 0 0 0 0 0 0 0 0 50 0 0 0 4 0 0 100 50 0 0 0 50 0 0 0 50 0 0  2
K3 KJ83 (AQ9743) T D ++ AQ9743 KJ83-K3-T 6-4-2-1 50 0 0 0 0 0 0 0 0 0 0 50 0 0 0 4 0 0 100 50 0 0 0 50 0 0 0 50 0 0  2
K3 KJ83 (AQ9743) T D NS AQ9743 KJ83-K3-T 6-4-2-1 50 0 0 0 0 0 0 0 0 0 50 0 0 0 0 3 0 0 100 50 0 0 0 50 0 0 0 50 0 0  2
T KJ83 (AQ9743) K3 D EW AQ9743 KJ83-K3-T 6-4-2-1 50 0 0 0 0 0 0 0 0 0 0 0 50 0 0 5 0 50 50 0 0 0 0 50 0 0 50 100 50 50  2
T KJ83 (AQ9743) K3 D -- AQ9743 KJ83-K3-T 6-4-2-1 50 0 0 0 0 0 0 0 0 0 0 50 0 0 0 4 0 0 100 50 0 0 0 50 0 0 0 50 0 0  2
T KJ83 (AQ9743) K3 D ++ AQ9743 KJ83-K3-T 6-4-2-1 50 0 0 0 0 0 0 0 0 0 0 50 0 0 0 4 0 0 100 50 0 0 0 50 0 0 0 50 0 0  2
T KJ83 (AQ9743) K3 D NS AQ9743 KJ83-K3-T 6-4-2-1 50 0 0 0 0 0 0 0 0 0 50 0 0 0 0 3 0 0 100 50 0 0 0 50 0 0 0 50 0 0  2
K3 T (AQ9743) KJ83 D EW AQ9743 KJ83-K3-T 6-4-2-1 50 0 0 0 0 0 0 0 0 0 0 0 50 0 0 5 0 50 50 0 0 0 0 50 0 0 50 100 50 50  2
K3 T (AQ9743) KJ83 D -- AQ9743 KJ83-K3-T 6-4-2-1 50 0 0 0 0 0 0 0 0 0 0 50 0 0 0 4 0 0 100 50 0 0 0 50 0 0 0 50 0 0  2
K3 T (AQ9743) KJ83 D ++ AQ9743 KJ83-K3-T 6-4-2-1 50 0 0 0 0 0 0 0 0 0 0 50 0 0 0 4 0 0 100 50 0 0 0 50 0 0 0 50 0 0  2
K3 T (AQ9743) KJ83 D NS AQ9743 KJ83-K3-T 6-4-2-1 50 0 0 0 0 0 0 0 0 0 50 0 0 0 0 3 0 0 100 50 0 0 0 50 0 0 0 50 0 0  2
T K3 (AQ9743) KJ83 D EW AQ9743 KJ83-K3-T 6-4-2-1 50 0 0 0 0 0 0 0 0 0 0 0 50 0 0 5 0 50 50 0 0 0 0 50 0 0 50 100 50 50  2
T K3 (AQ9743) KJ83 D -- AQ9743 KJ83-K3-T 6-4-2-1 50 0 0 0 0 0 0 0 0 0 0 50 0 0 0 4 0 0 100 50 0 0 0 50 0 0 0 50 0 0  2
T K3 (AQ9743) KJ83 D ++ AQ9743 KJ83-K3-T 6-4-2-1 50 0 0 0 0 0 0 0 0 0 0 50 0 0 0 4 0 0 100 50 0 0 0 50 0 0 0 50 0 0  2
T K3 (AQ9743) KJ83 D NS AQ9743 KJ83-K3-T 6-4-2-1 50 0 0 0 0 0 0 0 0 0 50 0 0 0 0 3 0 0 100 50 0 0 0 50 0 0 0 50 0 0  2
KJ83 K3 T (AQ9743) C EW AQ9743 KJ83-K3-T 6-4-2-1 50 0 0 0 0 0 0 0 0 0 0 0 50 0 0 5 0 50 50 0 0 0 0 50 0 0 50 100 50 50  2
KJ83 K3 T (AQ9743) C -- AQ9743 KJ83-K3-T 6-4-2-1 50 0 0 0 0 0 0 0 0 0 0 50 0 0 0 4 0 0 100 50 0 0 0 50 0 0 0 50 0 0  2
KJ83 K3 T (AQ9743) C ++ AQ9743 KJ83-K3-T 6-4-2-1 50 0 0 0 0 0 0 0 0 0 0 50 0 0 0 4 0 0 100 50 0 0 0 50 0 0 0 50 0 0  2
KJ83 K3 T (AQ9743) C NS AQ9743 KJ83-K3-T 6-4-2-1 50 0 0 0 0 0 0 0 0 0 50 0 0 0 0 3 0 0 100 50 0 0 0 50 0 0 0 50 0 0  2
KJ83 T K3 (AQ9743) C EW AQ9743 KJ83-K3-T 6-4-2-1 50 0 0 0 0 0 0 0 0 0 0 0 50 0 0 5 0 50 50 0 0 0 0 50 0 0 50 100 50 50  2
KJ83 T K3 (AQ9743) C -- AQ9743 KJ83-K3-T 6-4-2-1 50 0 0 0 0 0 0 0 0 0 0 50 0 0 0 4 0 0 100 50 0 0 0 50 0 0 0 50 0 0  2
KJ83 T K3 (AQ9743) C ++ AQ9743 KJ83-K3-T 6-4-2-1 50 0 0 0 0 0 0 0 0 0 0 50 0 0 0 4 0 0 100 50 0 0 0 50 0 0 0 50 0 0  2
KJ83 T K3 (AQ9743) C NS AQ9743 KJ83-K3-T 6-4-2-1 50 0 0 0 0 0 0 0 0 0 50 0 0 0 0 3 0 0 100 50 0 0 0 50 0 0 0 50 0 0  2
K3 KJ83 T (AQ9743) C EW AQ9743 KJ83-K3-T 6-4-2-1 50 0 0 0 0 0 0 0 0 0 0 0 50 0 0 5 0 50 50 0 0 0 0 50 0 0 50 100 50 50  2
K3 KJ83 T (AQ9743) C -- AQ9743 KJ83-K3-T 6-4-2-1 50 0 0 0 0 0 0 0 0 0 0 50 0 0 0 4 0 0 100 50 0 0 0 50 0 0 0 50 0 0  2
K3 KJ83 T (AQ9743) C ++ AQ9743 KJ83-K3-T 6-4-2-1 50 0 0 0 0 0 0 0 0 0 0 50 0 0 0 4 0 0 100 50 0 0 0 50 0 0 0 50 0 0  2
K3 KJ83 T (AQ9743) C NS AQ9743 KJ83-K3-T 6-4-2-1 50 0 0 0 0 0 0 0 0 0 50 0 0 0 0 3 0 0 100 50 0 0 0 50 0 0 0 50 0 0  2
T KJ83 K3 (AQ9743) C EW AQ9743 KJ83-K3-T 6-4-2-1 50 0 0 0 0 0 0 0 0 0 0 0 50 0 0 5 0 50 50 0 0 0 0 50 0 0 50 100 50 50  2
T KJ83 K3 (AQ9743) C -- AQ9743 KJ83-K3-T 6-4-2-1 50 0 0 0 0 0 0 0 0 0 0 50 0 0 0 4 0 0 100 50 0 0 0 50 0 0 0 50 0 0  2
T KJ83 K3 (AQ9743) C ++ AQ9743 KJ83-K3-T 6-4-2-1 50 0 0 0 0 0 0 0 0 0 0 50 0 0 0 4 0 0 100 50 0 0 0 50 0 0 0 50 0 0  2
T KJ83 K3 (AQ9743) C NS AQ9743 KJ83-K3-T 6-4-2-1 50 0 0 0 0 0 0 0 0 0 50 0 0 0 0 3 0 0 100 50 0 0 0 50 0 0 0 50 0 0  2
K3 T KJ83 (AQ9743) C EW AQ9743 KJ83-K3-T 6-4-2-1 50 0 0 0 0 0 0 0 0 0 0 0 50 0 0 5 0 50 50 0 0 0 0 50 0 0 50 100 50 50  2
K3 T KJ83 (AQ9743) C -- AQ9743 KJ83-K3-T 6-4-2-1 50 0 0 0 0 0 0 0 0 0 0 50 0 0 0 4 0 0 100 50 0 0 0 50 0 0 0 50 0 0  2
K3 T KJ83 (AQ9743) C ++ AQ9743 KJ83-K3-T 6-4-2-1 50 0 0 0 0 0 0 0 0 0 0 50 0 0 0 4 0 0 100 50 0 0 0 50 0 0 0 50 0 0  2
K3 T KJ83 (AQ9743) C NS AQ9743 KJ83-K3-T 6-4-2-1 50 0 0 0 0 0 0 0 0 0 50 0 0 0 0 3 0 0 100 50 0 0 0 50 0 0 0 50 0 0  2
T K3 KJ83 (AQ9743) C EW AQ9743 KJ83-K3-T 6-4-2-1 50 0 0 0 0 0 0 0 0 0 0 0 50 0 0 5 0 50 50 0 0 0 0 50 0 0 50 100 50 50  2
T K3 KJ83 (AQ9743) C -- AQ9743 KJ83-K3-T 6-4-2-1 50 0 0 0 0 0 0 0 0 0 0 50 0 0 0 4 0 0 100 50 0 0 0 50 0 0 0 50 0 0  2
T K3 KJ83 (AQ9743) C ++ AQ9743 KJ83-K3-T 6-4-2-1 50 0 0 0 0 0 0 0 0 0 0 50 0 0 0 4 0 0 100 50 0 0 0 50 0 0 0 50 0 0  2
T K3 KJ83 (AQ9743) C NS AQ9743 KJ83-K3-T 6-4-2-1 50 0 0 0 0 0 0 0 0 0 50 0 0 0 0 3 0 0 100 50 0 0 0 50 0 0 0 50 0 0  2
(KJT862) Q764 J4 7 S EW KJT862 Q764-J4-7 6-4-2-1 0 0 0 0 0 0 0 0 0 50 50 0 0 0 0 2.5 100 0 0 0 0 0 0 0 100 0 0 100 0 100  2
(KJT862) Q764 J4 7 S -- KJT862 Q764-J4-7 6-4-2-1 0 0 0 0 0 0 0 0 0 50 50 0 0 0 0 2.5 0 0 100 0 0 0 100 0 0 0 0 0 100 100  2
(KJT862) Q764 J4 7 S ++ KJT862 Q764-J4-7 6-4-2-1 0 0 0 0 0 0 0 0 0 50 50 0 0 0 0 2.5 100 0 0 0 0 0 0 0 100 0 0 100 0 100  2
(KJT862) Q764 J4 7 S NS KJT862 Q764-J4-7 6-4-2-1 0 0 0 0 0 0 0 0 0 50 50 0 0 0 0 2.5 0 0 100 0 0 0 100 0 0 0 0 0 100 100  2
(KJT862) Q764 7 J4 S EW KJT862 Q764-J4-7 6-4-2-1 0 0 0 0 0 0 0 0 0 50 50 0 0 0 0 2.5 100 0 0 0 0 0 0 0 100 0 0 100 0 100  2
(KJT862) Q764 7 J4 S -- KJT862 Q764-J4-7 6-4-2-1 0 0 0 0 0 0 0 0 0 50 50 0 0 0 0 2.5 0 0 100 0 0 0 100 0 0 0 0 0 100 100  2
(KJT862) Q764 7 J4 S ++ KJT862 Q764-J4-7 6-4-2-1 0 0 0 0 0 0 0 0 0 50 50 0 0 0 0 2.5 100 0 0 0 0 0 0 0 100 0 0 100 0 100  2
(KJT862) Q764 7 J4 S NS KJT862 Q764-J4-7 6-4-2-1 0 0 0 0 0 0 0 0 0 50 50 0 0 0 0 2.5 0 0 100 0 0 0 100 0 0 0 0 0 100 100  2
(KJT862) J4 Q764 7 S EW KJT862 Q764-J4-7 6-4-2-1 0 0 0 0 0 0 0 0 0 50 50 0 0 0 0 2.5 100 0 0 0 0 0 0 0 100 0 0 100 0 100  2
(KJT862) J4 Q764 7 S -- KJT862 Q764-J4-7 6-4-2-1 0 0 0 0 0 0 0 0 0 50 50 0 0 0 0 2.5 0 0 100 0 0 0 100 0 0 0 0 0 100 100  2
(KJT862) J4 Q764 7 S ++ KJT862 Q764-J4-7 6-4-2-1 0 0 0 0 0 0 0 0 0 50 50 0 0 0 0 2.5 100 0 0 0 0 0 0 0 100 0 0 100 0 100  2
(KJT862) J4 Q764 7 S NS KJT862 Q764-J4-7 6-4-2-1 0 0 0 0 0 0 0 0 0 50 50 0 0 0 0 2.5 0 0 100 0 0 0 100 0 0 0 0 0 100 100  2
(KJT862) 7 Q764 J4 S EW KJT862 Q764-J4-7 6-4-2-1 0 0 0 0 0 0 0 0 0 50 50 0 0 0 0 2.5 100 0 0 0 0 0 0 0 100 0 0 100 0 100  2
(KJT862) 7 Q764 J4 S -- KJT862 Q764-J4-7 6-4-2-1 0 0 0 0 0 0 0 0 0 50 50 0 0 0 0 2.5 0 0 100 0 0 0 100 0 0 0 0 0 100 100  2
(KJT862) 7 Q764 J4 S ++ KJT862 Q764-J4-7 6-4-2-1 0 0 0 0 0 0 0 0 0 50 50 0 0 0 0 2.5 100 0 0 0 0 0 0 0 100 0 0 100 0 100  2
(KJT862) 7 Q764 J4 S NS KJT862 Q764-J4-7 6-4-2-1 0 0 0 0 0 0 0 0 0 50 50 0 0 0 0 2.5 0 0 100 0 0 0 100 0 0 0 0 0 100 100  2
(KJT862) J4 7 Q764 S EW KJT862 Q764-J4-7 6-4-2-1 0 0 0 0 0 0 0 0 0 50 50 0 0 0 0 2.5 100 0 0 0 0 0 0 0 100 0 0 100 0 100  2
(KJT862) J4 7 Q764 S -- KJT862 Q764-J4-7 6-4-2-1 0 0 0 0 0 0 0 0 0 50 50 0 0 0 0 2.5 0 0 100 0 0 0 100 0 0 0 0 0 100 100  2
(KJT862) J4 7 Q764 S ++ KJT862 Q764-J4-7 6-4-2-1 0 0 0 0 0 0 0 0 0 50 50 0 0 0 0 2.5 100 0 0 0 0 0 0 0 100 0 0 100 0 100  2
(KJT862) J4 7 Q764 S NS KJT862 Q764-J4-7 6-4-2-1 0 0 0 0 0 0 0 0 0 50 50 0 0 0 0 2.5 0 0 100 0 0 0 100 0 0 0 0 0 100 100  2
(KJT862) 7 J4 Q764 S EW KJT862 Q764-J4-7 6-4-2-1 0 0 0 0 0 0 0 0 0 50 50 0 0 0 0 2.5 100 0 0 0 0 0 0 0 100 0 0 100 0 100  2
(KJT862) 7 J4 Q764 S -- KJT862 Q764-J4-7 6-4-2-1 0 0 0 0 0 0 0 0 0 50 50 0 0 0 0 2.5 0 0 100 0 0 0 100 0 0 0 0 0 100 100  2
(KJT862) 7 J4 Q764 S ++ KJT862 Q764-J4-7 6-4-2-1 0 0 0 0 0 0 0 0 0 50 50 0 0 0 0 2.5 100 0 0 0 0 0 0 0 100 0 0 100 0 100  2
(KJT862) 7 J4 Q764 S NS KJT862 Q764-J4-7 6-4-2-1 0 0 0 0 0 0 0 0 0 50 50 0 0 0 0 2.5 0 0 100 0 0 0 100 0 0 0 0 0 100 100  2
Q764 (KJT862) J4 7 H EW KJT862 Q764-J4-7 6-4-2-1 0 0 0 0 0 0 0 0 0 50 50 0 0 0 0 2.5 100 0 0 0 0 0 0 0 100 0 0 100 0 100  2
Q764 (KJT862) J4 7 H -- KJT862 Q764-J4-7 6-4-2-1 0 0 0 0 0 0 0 0 0 50 50 0 0 0 0 2.5 0 0 100 0 0 0 100 0 0 0 0 0 100 100  2
Q764 (KJT862) J4 7 H ++ KJT862 Q764-J4-7 6-4-2-1 0 0 0 0 0 0 0 0 0 50 50 0 0 0 0 2.5 100 0 0 0 0 0 0 0 100 0 0 100 0 100  2
Q764 (KJT862) J4 7 H NS KJT862 Q764-J4-7 6-4-2-1 0 0 0 0 0 0 0 0 0 50 50 0 0 0 0 2.5 0 0 100 0 0 0 100 0 0 0 0 0 100 100  2
Q764 (KJT862) 7 J4 H EW KJT862 Q764-J4-7 6-4-2-1 0 0 0 0 0 0 0 0 0 50 50 0 0 0 0 2.5 100 0 0 0 0 0 0 0 100 0 0 100 0 100  2
Q764 (KJT862) 7 J4 H -- KJT862 Q764-J4-7 6-4-2-1 0 0 0 0 0 0 0 0 0 50 50 0 0 0 0 2.5 0 0 100 0 0 0 100 0 0 0 0 0 100 100  2
Q764 (KJT862) 7 J4 H ++ KJT862 Q764-J4-7 6-4-2-1 0 0 0 0 0 0 0 0 0 50 50 0 0 0 0 2.5 100 0 0 0 0 0 0 0 100 0 0 100 0 100  2
Q764 (KJT862) 7 J4 H NS KJT862 Q764-J4-7 6-4-2-1 0 0 0 0 0 0 0 0 0 50 50 0 0 0 0 2.5 0 0 100 0 0 0 100 0 0 0 0 0 100 100  2
J4 (KJT862) Q764 7 H EW KJT862 Q764-J4-7 6-4-2-1 0 0 0 0 0 0 0 0 0 50 50 0 0 0 0 2.5 100 0 0 0 0 0 0 0 100 0 0 100 0 100  2
J4 (KJT862) Q764 7 H -- KJT862 Q764-J4-7 6-4-2-1 0 0 0 0 0 0 0 0 0 50 50 0 0 0 0 2.5 0 0 100 0 0 0 100 0 0 0 0 0 100 100  2
J4 (KJT862) Q764 7 H ++ KJT862 Q764-J4-7 6-4-2-1 0 0 0 0 0 0 0 0 0 50 50 0 0 0 0 2.5 100 0 0 0 0 0 0 0 100 0 0 100 0 100  2
J4 (KJT862) Q764 7 H NS KJT862 Q764-J4-7 6-4-2-1 0 0 0 0 0 0 0 0 0 50 50 0 0 0 0 2.5 0 0 100 0 0 0 100 0 0 0 0 0 100 100  2
7 (KJT862) Q764 J4 H EW KJT862 Q764-J4-7 6-4-2-1 0 0 0 0 0 0 0 0 0 50 0 50 0 0 0 3 50 50 0 0 0 0 0 0 50 0 50 100 50 100  2
7 (KJT862) Q764 J4 H -- KJT862 Q764-J4-7 6-4-2-1 0 0 0 0 0 0 0 0 0 50 0 50 0 0 0 3 0 50 50 0 0 0 50 0 0 0 50 50 100 100  2
7 (KJT862) Q764 J4 H ++ KJT862 Q764-J4-7 6-4-2-1 0 0 0 0 0 0 0 0 0 50 50 0 0 0 0 2.5 50 0 50 0 50 0 0 0 50 0 0 50 0 100  2
7 (KJT862) Q764 J4 H NS KJT862 Q764-J4-7 6-4-2-1 0 0 0 0 0 0 0 0 0 50 50 0 0 0 0 2.5 0 0 100 0 50 0 50 0 0 0 0 0 50 100  2
J4 (KJT862) 7 Q764 H EW KJT862 Q764-J4-7 6-4-2-1 0 0 0 0 0 0 0 0 0 50 50 0 0 0 0 2.5 100 0 0 0 0 0 0 0 100 0 0 100 0 100  2
J4 (KJT862) 7 Q764 H -- KJT862 Q764-J4-7 6-4-2-1 0 0 0 0 0 0 0 0 0 50 50 0 0 0 0 2.5 0 0 100 0 0 0 100 0 0 0 0 0 100 100  2
J4 (KJT862) 7 Q764 H ++ KJT862 Q764-J4-7 6-4-2-1 0 0 0 0 0 0 0 0 0 50 50 0 0 0 0 2.5 100 0 0 0 0 0 0 0 100 0 0 100 0 100  2
J4 (KJT862) 7 Q764 H NS KJT862 Q764-J4-7 6-4-2-1 0 0 0 0 0 0 0 0 0 50 50 0 0 0 0 2.5 0 0 100 0 0 0 100 0 0 0 0 0 100 100  2
7 (KJT862) J4 Q764 H EW KJT862 Q764-J4-7 6-4-2-1 0 0 0 0 0 0 0 0 0 50 0 50 0 0 0 3 50 50 0 0 0 0 0 0 50 0 50 100 50 100  2
7 (KJT862) J4 Q764 H -- KJT862 Q764-J4-7 6-4-2-1 0 0 0 0 0 0 0 0 0 50 0 50 0 0 0 3 0 50 50 0 0 0 50 0 0 0 50 50 100 100  2
7 (KJT862) J4 Q764 H ++ KJT862 Q764-J4-7 6-4-2-1 0 0 0 0 0 0 0 0 0 50 50 0 0 0 0 2.5 50 0 50 0 50 0 0 0 50 0 0 50 0 100  2
7 (KJT862) J4 Q764 H NS KJT862 Q764-J4-7 6-4-2-1 0 0 0 0 0 0 0 0 0 50 50 0 0 0 0 2.5 0 0 100 0 50 0 50 0 0 0 0 0 50 100  2
Q764 J4 (KJT862) 7 D EW KJT862 Q764-J4-7 6-4-2-1 50 0 0 0 0 0 0 0 0 50 0 0 0 0 0 2 50 0 50 0 0 0 0 50 50 0 0 100 0 50  2
Q764 J4 (KJT862) 7 D -- KJT862 Q764-J4-7 6-4-2-1 0 0 0 0 0 0 0 0 0 50 50 0 0 0 0 2.5 50 0 50 0 0 0 50 0 50 0 0 50 50 100  2
Q764 J4 (KJT862) 7 D ++ KJT862 Q764-J4-7 6-4-2-1 50 0 0 0 0 0 0 0 0 50 0 0 0 0 0 2 50 0 50 0 0 0 0 50 50 0 0 100 0 50  2
Q764 J4 (KJT862) 7 D NS KJT862 Q764-J4-7 6-4-2-1 0 0 0 0 0 0 0 0 0 50 50 0 0 0 0 2.5 50 0 50 0 0 0 50 0 50 0 0 50 50 100  2
Q764 7 (KJT862) J4 D EW KJT862 Q764-J4-7 6-4-2-1 50 0 0 0 0 0 0 0 0 50 0 0 0 0 0 2 50 0 50 0 0 0 0 50 50 0 0 100 0 50  2
Q764 7 (KJT862) J4 D -- KJT862 Q764-J4-7 6-4-2-1 0 0 0 0 0 0 0 0 0 50 50 0 0 0 0 2.5 50 0 50 0 0 50 0 0 50 0 0 50 50 50  2
Q764 7 (KJT862) J4 D ++ KJT862 Q764-J4-7 6-4-2-1 50 0 0 0 0 0 0 0 0 50 0 0 0 0 0 2 50 0 50 0 0 0 0 50 50 0 0 100 0 50  2
Q764 7 (KJT862) J4 D NS KJT862 Q764-J4-7 6-4-2-1 0 0 0 0 0 0 0 0 0 50 50 0 0 0 0 2.5 50 0 50 0 0 50 0 0 50 0 0 50 50 50  2
J4 Q764 (KJT862) 7 D EW KJT862 Q764-J4-7 6-4-2-1 50 0 0 0 0 0 0 0 0 50 0 0 0 0 0 2 50 0 50 0 0 0 0 50 50 0 0 100 0 50  2
J4 Q764 (KJT862) 7 D -- KJT862 Q764-J4-7 6-4-2-1 0 0 0 0 0 0 0 0 0 50 50 0 0 0 0 2.5 50 0 50 0 0 0 50 0 50 0 0 50 50 100  2
J4 Q764 (KJT862) 7 D ++ KJT862 Q764-J4-7 6-4-2-1 50 0 0 0 0 0 0 0 0 50 0 0 0 0 0 2 50 0 50 0 0 0 0 50 50 0 0 100 0 50  2
J4 Q764 (KJT862) 7 D NS KJT862 Q764-J4-7 6-4-2-1 0 0 0 0 0 0 0 0 0 50 50 0 0 0 0 2.5 50 0 50 0 0 0 50 0 50 0 0 50 50 100  2
7 Q764 (KJT862) J4 D EW KJT862 Q764-J4-7 6-4-2-1 0 0 0 0 0 0 0 0 0 50 0 50 0 0 0 3 50 50 0 0 0 0 0 0 50 0 50 100 50 100  2
7 Q764 (KJT862) J4 D -- KJT862 Q764-J4-7 6-4-2-1 0 0 0 0 0 0 0 0 0 50 0 50 0 0 0 3 50 50 0 0 0 0 0 0 50 0 50 100 50 100  2
7 Q764 (KJT862) J4 D ++ KJT862 Q764-J4-7 6-4-2-1 0 0 0 0 0 0 0 0 0 50 50 0 0 0 0 2.5 50 0 50 0 50 0 0 0 50 0 0 50 0 100  2
7 Q764 (KJT862) J4 D NS KJT862 Q764-J4-7 6-4-2-1 0 0 0 0 0 0 0 0 0 50 50 0 0 0 0 2.5 50 0 50 0 50 0 0 0 50 0 0 50 0 100  2
J4 7 (KJT862) Q764 D EW KJT862 Q764-J4-7 6-4-2-1 50 0 0 0 0 0 0 0 0 50 0 0 0 0 0 2 50 0 50 0 0 0 0 50 50 0 0 100 0 50  2
J4 7 (KJT862) Q764 D -- KJT862 Q764-J4-7 6-4-2-1 0 0 0 0 0 0 0 0 0 50 50 0 0 0 0 2.5 50 0 50 0 0 50 0 0 50 0 0 50 50 50  2
J4 7 (KJT862) Q764 D ++ KJT862 Q764-J4-7 6-4-2-1 50 0 0 0 0 0 0 0 0 50 0 0 0 0 0 2 50 0 50 0 0 0 0 50 50 0 0 100 0 50  2
J4 7 (KJT862) Q764 D NS KJT862 Q764-J4-7 6-4-2-1 0 0 0 0 0 0 0 0 0 50 50 0 0 0 0 2.5 50 0 50 0 0 50 0 0 50 0 0 50 50 50  2
7 J4 (KJT862) Q764 D EW KJT862 Q764-J4-7 6-4-2-1 0 0 0 0 0 0 0 0 0 50 0 50 0 0 0 3 50 50 0 0 0 0 0 0 50 0 50 100 50 100  2
7 J4 (KJT862) Q764 D -- KJT862 Q764-J4-7 6-4-2-1 0 0 0 0 0 0 0 0 0 50 0 50 0 0 0 3 50 50 0 0 0 0 0 0 50 0 50 100 50 100  2
7 J4 (KJT862) Q764 D ++ KJT862 Q764-J4-7 6-4-2-1 0 0 0 0 0 0 0 0 0 50 50 0 0 0 0 2.5 50 0 50 0 50 0 0 0 50 0 0 50 0 100  2
7 J4 (KJT862) Q764 D NS KJT862 Q764-J4-7 6-4-2-1 0 0 0 0 0 0 0 0 0 50 50 0 0 0 0 2.5 50 0 50 0 50 0 0 0 50 0 0 50 0 100  2
Q764 J4 7 (KJT862) C EW KJT862 Q764-J4-7 6-4-2-1 50 0 0 0 0 0 0 0 0 50 0 0 0 0 0 2 50 0 50 0 0 0 0 50 50 0 0 100 0 50  2
Q764 J4 7 (KJT862) C -- KJT862 Q764-J4-7 6-4-2-1 0 0 0 0 0 0 0 0 0 50 50 0 0 0 0 2.5 50 0 50 0 0 50 0 0 50 0 0 50 50 50  2
Q764 J4 7 (KJT862) C ++ KJT862 Q764-J4-7 6-4-2-1 50 0 0 0 0 0 0 0 0 50 0 0 0 0 0 2 50 0 50 0 0 0 0 50 50 0 0 100 0 50  2
Q764 J4 7 (KJT862) C NS KJT862 Q764-J4-7 6-4-2-1 0 0 0 0 0 0 0 0 0 50 50 0 0 0 0 2.5 50 0 50 0 0 50 0 0 50 0 0 50 50 50  2
Q764 7 J4 (KJT862) C EW KJT862 Q764-J4-7 6-4-2-1 50 0 0 0 0 0 0 0 0 50 0 0 0 0 0 2 50 0 50 0 0 0 0 50 50 0 0 100 0 50  2
Q764 7 J4 (KJT862) C -- KJT862 Q764-J4-7 6-4-2-1 0 0 0 0 0 0 0 0 0 50 50 0 0 0 0 2.5 50 0 50 0 0 50 0 0 50 0 0 50 50 50  2
Q764 7 J4 (KJT862) C ++ KJT862 Q764-J4-7 6-4-2-1 50 0 0 0 0 0 0 0 0 50 0 0 0 0 0 2 50 0 50 0 0 0 0 50 50 0 0 100 0 50  2
Q764 7 J4 (KJT862) C NS KJT862 Q764-J4-7 6-4-2-1 0 0 0 0 0 0 0 0 0 50 50 0 0 0 0 2.5 50 0 50 0 0 50 0 0 50 0 0 50 50 50  2
J4 Q764 7 (KJT862) C EW KJT862 Q764-J4-7 6-4-2-1 50 0 0 0 0 0 0 0 0 50 0 0 0 0 0 2 50 0 50 0 0 0 0 50 50 0 0 100 0 50  2
J4 Q764 7 (KJT862) C -- KJT862 Q764-J4-7 6-4-2-1 0 0 0 0 0 0 0 0 0 50 50 0 0 0 0 2.5 50 0 50 0 0 50 0 0 50 0 0 50 50 50  2
J4 Q764 7 (KJT862) C ++ KJT862 Q764-J4-7 6-4-2-1 50 0 0 0 0 0 0 0 0 50 0 0 0 0 0 2 50 0 50 0 0 0 0 50 50 0 0 100 0 50  2
J4 Q764 7 (KJT862) C NS KJT862 Q764-J4-7 6-4-2-1 0 0 0 0 0 0 0 0 0 50 50 0 0 0 0 2.5 50 0 50 0 0 50 0 0 50 0 0 50 50 50  2
7 Q764 J4 (KJT862) C EW KJT862 Q764-J4-7 6-4-2-1 0 0 0 0 0 0 0 0 0 50 0 50 0 0 0 3 50 50 0 0 0 0 0 0 50 0 50 100 50 100  2
7 Q764 J4 (KJT862) C -- KJT862 Q764-J4-7 6-4-2-1 0 0 0 0 0 0 0 0 0 50 0 50 0 0 0 3 50 50 0 0 0 0 0 0 50 0 50 100 50 100  2
7 Q764 J4 (KJT862) C ++ KJT862 Q764-J4-7 6-4-2-1 0 0 0 0 0 0 0 0 0 50 50 0 0 0 0 2.5 50 0 50 0 50 0 0 0 50 0 0 50 0 100  2
7 Q764 J4 (KJT862) C NS KJT862 Q764-J4-7 6-4-2-1 0 0 0 0 0 0 0 0 0 50 50 0 0 0 0 2.5 50 0 50 0 50 0 0 0 50 0 0 50 0 100  2
J4 7 Q764 (KJT862) C EW KJT862 Q764-J4-7 6-4-2-1 50 0 0 0 0 0 0 0 0 50 0 0 0 0 0 2 50 0 50 0 0 0 0 50 50 0 0 100 0 50  2
J4 7 Q764 (KJT862) C -- KJT862 Q764-J4-7 6-4-2-1 0 0 0 0 0 0 0 0 0 50 50 0 0 0 0 2.5 50 0 50 0 0 50 0 0 50 0 0 50 50 50  2
J4 7 Q764 (KJT862) C ++ KJT862 Q764-J4-7 6-4-2-1 50 0 0 0 0 0 0 0 0 50 0 0 0 0 0 2 50 0 50 0 0 0 0 50 50 0 0 100 0 50  2
J4 7 Q764 (KJT862) C NS KJT862 Q764-J4-7 6-4-2-1 0 0 0 0 0 0 0 0 0 50 50 0 0 0 0 2.5 50 0 50 0 0 50 0 0 50 0 0 50 50 50  2
7 J4 Q764 (KJT862) C EW KJT862 Q764-J4-7 6-4-2-1 0 0 0 0 0 0 0 0 0 50 0 50 0 0 0 3 50 50 0 0 0 0 0 0 50 0 50 100 50 100  2
7 J4 Q764 (KJT862) C -- KJT862 Q764-J4-7 6-4-2-1 0 0 0 0 0 0 0 0 0 50 0 50 0 0 0 3 50 50 0 0 0 0 0 0 50 0 50 100 50 100  2
7 J4 Q764 (KJT862) C ++ KJT862 Q764-J4-7 6-4-2-1 0 0 0 0 0 0 0 0 0 50 50 0 0 0 0 2.5 50 0 50 0 50 0 0 0 50 0 0 50 0 100  2
7 J4 Q764 (KJT862) C NS KJT862 Q764-J4-7 6-4-2-1 0 0 0 0 0 0 0 0 0 50 50 0 0 0 0 2.5 50 0 50 0 50 0 0 0 50 0 0 50 0 100  2
(KJT862) KJ83 K3 T S EW KJT862 KJ83-K3-T 6-4-2-1 0 0 0 0 0 0 0 0 0 0 0 100 0 0 0 4 100 0 0 0 0 0 0 0 100 0 0 100 0 100  2
(KJT862) KJ83 K3 T S -- KJT862 KJ83-K3-T 6-4-2-1 0 0 0 0 0 0 0 0 0 0 0 100 0 0 0 4 100 0 0 0 0 0 0 0 100 0 0 100 0 100  2
(KJT862) KJ83 K3 T S ++ KJT862 KJ83-K3-T 6-4-2-1 0 0 0 0 0 0 0 0 0 0 0 100 0 0 0 4 100 0 0 0 0 0 0 0 100 0 0 100 0 100  2
(KJT862) KJ83 K3 T S NS KJT862 KJ83-K3-T 6-4-2-1 0 0 0 0 0 0 0 0 0 0 0 100 0 0 0 4 50 0 50 0 0 0 50 0 50 0 0 50 50 100  2
(KJT862) KJ83 T K3 S EW KJT862 KJ83-K3-T 6-4-2-1 0 0 0 0 0 0 0 0 0 0 0 100 0 0 0 4 100 0 0 0 0 0 0 0 100 0 0 100 0 100  2
(KJT862) KJ83 T K3 S -- KJT862 KJ83-K3-T 6-4-2-1 0 0 0 0 0 0 0 0 0 0 0 100 0 0 0 4 100 0 0 0 0 0 0 0 100 0 0 100 0 100  2
(KJT862) KJ83 T K3 S ++ KJT862 KJ83-K3-T 6-4-2-1 0 0 0 0 0 0 0 0 0 0 0 100 0 0 0 4 100 0 0 0 0 0 0 0 100 0 0 100 0 100  2
(KJT862) KJ83 T K3 S NS KJT862 KJ83-K3-T 6-4-2-1 0 0 0 0 0 0 0 0 0 0 0 100 0 0 0 4 50 0 50 0 0 0 50 0 50 0 0 50 50 100  2
(KJT862) K3 KJ83 T S EW KJT862 KJ83-K3-T 6-4-2-1 0 0 0 0 0 0 0 0 0 0 0 100 0 0 0 4 100 0 0 0 0 0 0 0 100 0 0 100 0 100  2
(KJT862) K3 KJ83 T S -- KJT862 KJ83-K3-T 6-4-2-1 0 0 0 0 0 0 0 0 0 0 0 100 0 0 0 4 100 0 0 0 0 0 0 0 100 0 0 100 0 100  2
(KJT862) K3 KJ83 T S ++ KJT862 KJ83-K3-T 6-4-2-1 0 0 0 0 0 0 0 0 0 0 0 100 0 0 0 4 100 0 0 0 0 0 0 0 100 0 0 100 0 100  2
(KJT862) K3 KJ83 T S NS KJT862 KJ83-K3-T 6-4-2-1 0 0 0 0 0 0 0 0 0 0 0 100 0 0 0 4 50 0 50 0 0 0 50 0 50 0 0 50 50 100  2
(KJT862) T KJ83 K3 S EW KJT862 KJ83-K3-T 6-4-2-1 0 0 0 0 0 0 0 0 0 0 0 100 0 0 0 4 100 0 0 0 0 0 0 0 100 0 0 100 0 100  2
(KJT862) T KJ83 K3 S -- KJT862 KJ83-K3-T 6-4-2-1 0 0 0 0 0 0 0 0 0 0 0 100 0 0 0 4 100 0 0 0 0 0 0 0 100 0 0 100 0 100  2
(KJT862) T KJ83 K3 S ++ KJT862 KJ83-K3-T 6-4-2-1 0 0 0 0 0 0 0 0 0 0 0 100 0 0 0 4 100 0 0 0 0 0 0 0 100 0 0 100 0 100  2
(KJT862) T KJ83 K3 S NS KJT862 KJ83-K3-T 6-4-2-1 0 0 0 0 0 0 0 0 0 0 0 100 0 0 0 4 50 0 50 0 0 0 50 0 50 0 0 50 50 100  2
(KJT862) K3 T KJ83 S EW KJT862 KJ83-K3-T 6-4-2-1 0 0 0 0 0 0 0 0 0 0 0 100 0 0 0 4 100 0 0 0 0 0 0 0 100 0 0 100 0 100  2
(KJT862) K3 T KJ83 S -- KJT862 KJ83-K3-T 6-4-2-1 0 0 0 0 0 0 0 0 0 0 0 100 0 0 0 4 100 0 0 0 0 0 0 0 100 0 0 100 0 100  2
(KJT862) K3 T KJ83 S ++ KJT862 KJ83-K3-T 6-4-2-1 0 0 0 0 0 0 0 0 0 0 0 100 0 0 0 4 100 0 0 0 0 0 0 0 100 0 0 100 0 100  2
(KJT862) K3 T KJ83 S NS KJT862 KJ83-K3-T 6-4-2-1 0 0 0 0 0 0 0 0 0 0 0 100 0 0 0 4 50 0 50 0 0 0 50 0 50 0 0 50 50 100  2
(KJT862) T K3 KJ83 S EW KJT862 KJ83-K3-T 6-4-2-1 0 0 0 0 0 0 0 0 0 0 0 100 0 0 0 4 100 0 0 0 0 0 0 0 100 0 0 100 0 100  2
(KJT862) T K3 KJ83 S -- KJT862 KJ83-K3-T 6-4-2-1 0 0 0 0 0 0 0 0 0 0 0 100 0 0 0 4 100 0 0 0 0 0 0 0 100 0 0 100 0 100  2
(KJT862) T K3 KJ83 S ++ KJT862 KJ83-K3-T 6-4-2-1 0 0 0 0 0 0 0 0 0 0 0 100 0 0 0 4 100 0 0 0 0 0 0 0 100 0 0 100 0 100  2
(KJT862) T K3 KJ83 S NS KJT862 KJ83-K3-T 6-4-2-1 0 0 0 0 0 0 0 0 0 0 0 100 0 0 0 4 50 0 50 0 0 0 50 0 50 0 0 50 50 100  2
KJ83 (KJT862) K3 T H EW KJT862 KJ83-K3-T 6-4-2-1 0 0 0 0 0 0 0 0 0 0 0 100 0 0 0 4 100 0 0 0 0 0 0 0 100 0 0 100 0 100  2
KJ83 (KJT862) K3 T H -- KJT862 KJ83-K3-T 6-4-2-1 0 0 0 0 0 0 0 0 0 0 0 100 0 0 0 4 100 0 0 0 0 0 0 0 100 0 0 100 0 100  2
KJ83 (KJT862) K3 T H ++ KJT862 KJ83-K3-T 6-4-2-1 0 0 0 0 0 0 0 0 0 0 0 100 0 0 0 4 100 0 0 0 0 0 0 0 100 0 0 100 0 100  2
KJ83 (KJT862) K3 T H NS KJT862 KJ83-K3-T 6-4-2-1 0 0 0 0 0 0 0 0 0 0 0 100 0 0 0 4 50 0 50 0 0 0 50 0 50 0 0 50 50 100  2
KJ83 (KJT862) T K3 H EW KJT862 KJ83-K3-T 6-4-2-1 0 0 0 0 0 0 0 0 0 0 0 100 0 0 0 4 100 0 0 0 0 0 0 0 100 0 0 100 0 100  2
KJ83 (KJT862) T K3 H -- KJT862 KJ83-K3-T 6-4-2-1 0 0 0 0 0 0 0 0 0 0 0 100 0 0 0 4 100 0 0 0 0 0 0 0 100 0 0 100 0 100  2
KJ83 (KJT862) T K3 H ++ KJT862 KJ83-K3-T 6-4-2-1 0 0 0 0 0 0 0 0 0 0 0 100 0 0 0 4 100 0 0 0 0 0 0 0 100 0 0 100 0 100  2
KJ83 (KJT862) T K3 H NS KJT862 KJ83-K3-T 6-4-2-1 0 0 0 0 0 0 0 0 0 0 0 100 0 0 0 4 50 0 50 0 0 0 50 0 50 0 0 50 50 100  2
K3 (KJT862) KJ83 T H EW KJT862 KJ83-K3-T 6-4-2-1 0 0 0 0 0 0 0 0 0 0 0 100 0 0 0 4 100 0 0 0 0 0 0 0 100 0 0 100 0 100  2
K3 (KJT862) KJ83 T H -- KJT862 KJ83-K3-T 6-4-2-1 0 0 0 0 0 0 0 0 0 0 0 100 0 0 0 4 50 0 50 0 0 0 50 0 50 0 0 50 50 100  2
K3 (KJT862) KJ83 T H ++ KJT862 KJ83-K3-T 6-4-2-1 0 0 0 0 0 0 0 0 0 0 0 100 0 0 0 4 50 0 50 0 0 0 50 0 50 0 0 50 50 100  2
K3 (KJT862) KJ83 T H NS KJT862 KJ83-K3-T 6-4-2-1 0 0 0 0 0 0 0 0 0 0 0 100 0 0 0 4 0 0 100 0 0 0 100 0 0 0 0 0 100 100  2
T (KJT862) KJ83 K3 H EW KJT862 KJ83-K3-T 6-4-2-1 0 0 0 0 0 0 0 0 0 0 0 100 0 0 0 4 100 0 0 0 0 0 0 0 100 0 0 100 0 100  2
T (KJT862) KJ83 K3 H -- KJT862 KJ83-K3-T 6-4-2-1 0 0 0 0 0 0 0 0 0 0 0 100 0 0 0 4 100 0 0 0 0 0 0 0 100 0 0 100 0 100  2
T (KJT862) KJ83 K3 H ++ KJT862 KJ83-K3-T 6-4-2-1 0 0 0 0 0 0 0 0 0 0 0 100 0 0 0 4 100 0 0 0 0 0 0 0 100 0 0 100 0 100  2
T (KJT862) KJ83 K3 H NS KJT862 KJ83-K3-T 6-4-2-1 0 0 0 0 0 0 0 0 0 0 0 100 0 0 0 4 0 0 100 0 0 0 100 0 0 0 0 0 100 100  2
K3 (KJT862) T KJ83 H EW KJT862 KJ83-K3-T 6-4-2-1 0 0 0 0 0 0 0 0 0 0 0 100 0 0 0 4 100 0 0 0 0 0 0 0 100 0 0 100 0 100  2
K3 (KJT862) T KJ83 H -- KJT862 KJ83-K3-T 6-4-2-1 0 0 0 0 0 0 0 0 0 0 0 100 0 0 0 4 50 0 50 0 0 0 50 0 50 0 0 50 50 100  2
K3 (KJT862) T KJ83 H ++ KJT862 KJ83-K3-T 6-4-2-1 0 0 0 0 0 0 0 0 0 0 0 100 0 0 0 4 50 0 50 0 0 0 50 0 50 0 0 50 50 100  2
K3 (KJT862) T KJ83 H NS KJT862 KJ83-K3-T 6-4-2-1 0 0 0 0 0 0 0 0 0 0 0 100 0 0 0 4 0 0 100 0 0 0 100 0 0 0 0 0 100 100  2
T (KJT862) K3 KJ83 H EW KJT862 KJ83-K3-T 6-4-2-1 0 0 0 0 0 0 0 0 0 0 0 100 0 0 0 4 100 0 0 0 0 0 0 0 100 0 0 100 0 100  2
T (KJT862) K3 KJ83 H -- KJT862 KJ83-K3-T 6-4-2-1 0 0 0 0 0 0 0 0 0 0 0 100 0 0 0 4 100 0 0 0 0 0 0 0 100 0 0 100 0 100  2
T (KJT862) K3 KJ83 H ++ KJT862 KJ83-K3-T 6-4-2-1 0 0 0 0 0 0 0 0 0 0 0 100 0 0 0 4 100 0 0 0 0 0 0 0 100 0 0 100 0 100  2
T (KJT862) K3 KJ83 H NS KJT862 KJ83-K3-T 6-4-2-1 0 0 0 0 0 0 0 0 0 0 0 100 0 0 0 4 0 0 100 0 0 0 100 0 0 0 0 0 100 100  2
KJ83 K3 (KJT862) T D EW KJT862 KJ83-K3-T 6-4-2-1 0 0 0 0 0 0 0 0 0 0 0 100 0 0 0 4 100 0 0 0 0 0 0 0 100 0 0 100 0 100  2
KJ83 K3 (KJT862) T D -- KJT862 KJ83-K3-T 6-4-2-1 0 0 0 0 0 0 0 0 0 0 0 100 0 0 0 4 100 0 0 0 0 0 0 0 100 0 0 100 0 100  2
KJ83 K3 (KJT862) T D ++ KJT862 KJ83-K3-T 6-4-2-1 0 0 0 0 0 0 0 0 0 0 0 100 0 0 0 4 100 0 0 0 0 0 0 0 100 0 0 100 0 100  2
KJ83 K3 (KJT862) T D NS KJT862 KJ83-K3-T 6-4-2-1 0 0 0 0 0 0 0 0 0 0 0 100 0 0 0 4 100 0 0 0 0 0 0 0 100 0 0 100 0 100  2
KJ83 T (KJT862) K3 D EW KJT862 KJ83-K3-T 6-4-2-1 0 0 0 0 0 0 0 0 0 0 0 100 0 0 0 4 100 0 0 0 0 0 0 0 100 0 0 100 0 100  2
KJ83 T (KJT862) K3 D -- KJT862 KJ83-K3-T 6-4-2-1 0 0 0 0 0 0 0 0 0 0 0 100 0 0 0 4 100 0 0 0 0 0 0 0 100 0 0 100 0 100  2
KJ83 T (KJT862) K3 D ++ KJT862 KJ83-K3-T 6-4-2-1 0 0 0 0 0 0 0 0 0 0 0 100 0 0 0 4 100 0 0 0 0 0 0 0 100 0 0 100 0 100  2
KJ83 T (KJT862) K3 D NS KJT862 KJ83-K3-T 6-4-2-1 0 0 0 0 0 0 0 0 0 0 0 100 0 0 0 4 100 0 0 0 0 0 0 0 100 0 0 100 0 100  2
K3 KJ83 (KJT862) T D EW KJT862 KJ83-K3-T 6-4-2-1 0 0 0 0 0 0 0 0 0 0 0 100 0 0 0 4 100 0 0 0 0 0 0 0 100 0 0 100 0 100  2
K3 KJ83 (KJT862) T D -- KJT862 KJ83-K3-T 6-4-2-1 0 0 0 0 0 0 0 0 0 0 0 100 0 0 0 4 100 0 0 0 0 0 0 0 100 0 0 100 0 100  2
K3 KJ83 (KJT862) T D ++ KJT862 KJ83-K3-T 6-4-2-1 0 0 0 0 0 0 0 0 0 0 0 100 0 0 0 4 100 0 0 0 0 0 0 0 100 0 0 100 0 100  2
K3 KJ83 (KJT862) T D NS KJT862 KJ83-K3-T 6-4-2-1 0 0 0 0 0 0 0 0 0 0 0 100 0 0 0 4 100 0 0 0 0 0 0 0 100 0 0 100 0 100  2
T KJ83 (KJT862) K3 D EW KJT862 KJ83-K3-T 6-4-2-1 0 0 0 0 0 0 0 0 0 0 0 100 0 0 0 4 100 0 0 0 0 0 0 0 100 0 0 100 0 100  2
T KJ83 (KJT862) K3 D -- KJT862 KJ83-K3-T 6-4-2-1 0 0 0 0 0 0 0 0 0 0 0 100 0 0 0 4 100 0 0 0 0 0 0 0 100 0 0 100 0 100  2
T KJ83 (KJT862) K3 D ++ KJT862 KJ83-K3-T 6-4-2-1 0 0 0 0 0 0 0 0 0 0 0 100 0 0 0 4 100 0 0 0 0 0 0 0 100 0 0 100 0 100  2
T KJ83 (KJT862) K3 D NS KJT862 KJ83-K3-T 6-4-2-1 0 0 0 0 0 0 0 0 0 0 0 100 0 0 0 4 100 0 0 0 0 0 0 0 100 0 0 100 0 100  2
K3 T (KJT862) KJ83 D EW KJT862 KJ83-K3-T 6-4-2-1 0 0 0 0 0 0 0 0 0 0 0 100 0 0 0 4 100 0 0 0 0 0 0 0 100 0 0 100 0 100  2
K3 T (KJT862) KJ83 D -- KJT862 KJ83-K3-T 6-4-2-1 0 0 0 0 0 0 0 0 0 0 0 100 0 0 0 4 100 0 0 0 0 0 0 0 100 0 0 100 0 100  2
K3 T (KJT862) KJ83 D ++ KJT862 KJ83-K3-T 6-4-2-1 0 0 0 0 0 0 0 0 0 0 0 100 0 0 0 4 100 0 0 0 0 0 0 0 100 0 0 100 0 100  2
K3 T (KJT862) KJ83 D NS KJT862 KJ83-K3-T 6-4-2-1 0 0 0 0 0 0 0 0 0 0 0 100 0 0 0 4 100 0 0 0 0 0 0 0 100 0 0 100 0 100  2
T K3 (KJT862) KJ83 D EW KJT862 KJ83-K3-T 6-4-2-1 0 0 0 0 0 0 0 0 0 0 0 100 0 0 0 4 100 0 0 0 0 0 0 0 100 0 0 100 0 100  2
T K3 (KJT862) KJ83 D -- KJT862 KJ83-K3-T 6-4-2-1 0 0 0 0 0 0 0 0 0 0 0 100 0 0 0 4 100 0 0 0 0 0 0 0 100 0 0 100 0 100  2
T K3 (KJT862) KJ83 D ++ KJT862 KJ83-K3-T 6-4-2-1 0 0 0 0 0 0 0 0 0 0 0 100 0 0 0 4 100 0 0 0 0 0 0 0 100 0 0 100 0 100  2
T K3 (KJT862) KJ83 D NS KJT862 KJ83-K3-T 6-4-2-1 0 0 0 0 0 0 0 0 0 0 0 100 0 0 0 4 100 0 0 0 0 0 0 0 100 0 0 100 0 100  2
KJ83 K3 T (KJT862) C EW KJT862 KJ83-K3-T 6-4-2-1 0 0 0 0 0 0 0 0 0 0 0 100 0 0 0 4 100 0 0 0 0 0 0 0 100 0 0 100 0 100  2
KJ83 K3 T (KJT862) C -- KJT862 KJ83-K3-T 6-4-2-1 0 0 0 0 0 0 0 0 0 0 0 100 0 0 0 4 100 0 0 0 0 0 0 0 100 0 0 100 0 100  2
KJ83 K3 T (KJT862) C ++ KJT862 KJ83-K3-T 6-4-2-1 0 0 0 0 0 0 0 0 0 0 0 100 0 0 0 4 100 0 0 0 0 0 0 0 100 0 0 100 0 100  2
KJ83 K3 T (KJT862) C NS KJT862 KJ83-K3-T 6-4-2-1 0 0 0 0 0 0 0 0 0 0 0 100 0 0 0 4 100 0 0 0 0 0 0 0 100 0 0 100 0 100  2
KJ83 T K3 (KJT862) C EW KJT862 KJ83-K3-T 6-4-2-1 0 0 0 0 0 0 0 0 0 0 0 100 0 0 0 4 100 0 0 0 0 0 0 0 100 0 0 100 0 100  2
KJ83 T K3 (KJT862) C -- KJT862 KJ83-K3-T 6-4-2-1 0 0 0 0 0 0 0 0 0 0 0 100 0 0 0 4 100 0 0 0 0 0 0 0 100 0 0 100 0 100  2
KJ83 T K3 (KJT862) C ++ KJT862 KJ83-K3-T 6-4-2-1 0 0 0 0 0 0 0 0 0 0 0 100 0 0 0 4 100 0 0 0 0 0 0 0 100 0 0 100 0 100  2
KJ83 T K3 (KJT862) C NS KJT862 KJ83-K3-T 6-4-2-1 0 0 0 0 0 0 0 0 0 0 0 100 0 0 0 4 100 0 0 0 0 0 0 0 100 0 0 100 0 100  2
K3 KJ83 T (KJT862) C EW KJT862 KJ83-K3-T 6-4-2-1 0 0 0 0 0 0 0 0 0 0 0 100 0 0 0 4 100 0 0 0 0 0 0 0 100 0 0 100 0 100  2
K3 KJ83 T (KJT862) C -- KJT862 KJ83-K3-T 6-4-2-1 0 0 0 0 0 0 0 0 0 0 0 100 0 0 0 4 100 0 0 0 0 0 0 0 100 0 0 100 0 100  2
K3 KJ83 T (KJT862) C ++ KJT862 KJ83-K3-T 6-4-2-1 0 0 0 0 0 0 0 0 0 0 0 100 0 0 0 4 100 0 0 0 0 0 0 0 100 0 0 100 0 100  2
K3 KJ83 T (KJT862) C NS KJT862 KJ83-K3-T 6-4-2-1 0 0 0 0 0 0 0 0 0 0 0 100 0 0 0 4 100 0 0 0 0 0 0 0 100 0 0 100 0 100  2
T KJ83 K3 (KJT862) C EW KJT862 KJ83-K3-T 6-4-2-1 0 0 0 0 0 0 0 0 0 0 0 100 0 0 0 4 100 0 0 0 0 0 0 0 100 0 0 100 0 100  2
T KJ83 K3 (KJT862) C -- KJT862 KJ83-K3-T 6-4-2-1 0 0 0 0 0 0 0 0 0 0 0 100 0 0 0 4 100 0 0 0 0 0 0 0 100 0 0 100 0 100  2
T KJ83 K3 (KJT862) C ++ KJT862 KJ83-K3-T 6-4-2-1 0 0 0 0 0 0 0 0 0 0 0 100 0 0 0 4 100 0 0 0 0 0 0 0 100 0 0 100 0 100  2
T KJ83 K3 (KJT862) C NS KJT862 KJ83-K3-T 6-4-2-1 0 0 0 0 0 0 0 0 0 0 0 100 0 0 0 4 100 0 0 0 0 0 0 0 100 0 0 100 0 100  2
K3 T KJ83 (KJT862) C EW KJT862 KJ83-K3-T 6-4-2-1 0 0 0 0 0 0 0 0 0 0 0 100 0 0 0 4 100 0 0 0 0 0 0 0 100 0 0 100 0 100  2
K3 T KJ83 (KJT862) C -- KJT862 KJ83-K3-T 6-4-2-1 0 0 0 0 0 0 0 0 0 0 0 100 0 0 0 4 100 0 0 0 0 0 0 0 100 0 0 100 0 100  2
K3 T KJ83 (KJT862) C ++ KJT862 KJ83-K3-T 6-4-2-1 0 0 0 0 0 0 0 0 0 0 0 100 0 0 0 4 100 0 0 0 0 0 0 0 100 0 0 100 0 100  2
K3 T KJ83 (KJT862) C NS KJT862 KJ83-K3-T 6-4-2-1 0 0 0 0 0 0 0 0 0 0 0 100 0 0 0 4 100 0 0 0 0 0 0 0 100 0 0 100 0 100  2
T K3 KJ83 (KJT862) C EW KJT862 KJ83-K3-T 6-4-2-1 0 0 0 0 0 0 0 0 0 0 0 100 0 0 0 4 100 0 0 0 0 0 0 0 100 0 0 100 0 100  2
T K3 KJ83 (KJT862) C -- KJT862 KJ83-K3-T 6-4-2-1 0 0 0 0 0 0 0 0 0 0 0 100 0 0 0 4 100 0 0 0 0 0 0 0 100 0 0 100 0 100  2
T K3 KJ83 (KJT862) C ++ KJT862 KJ83-K3-T 6-4-2-1 0 0 0 0 0 0 0 0 0 0 0 100 0 0 0 4 100 0 0 0 0 0 0 0 100 0 0 100 0 100  2
T K3 KJ83 (KJT862) C NS KJT862 KJ83-K3-T 6-4-2-1 0 0 0 0 0 0 0 0 0 0 0 100 0 0 0 4 100 0 0 0 0 0 0 0 100 0 0 100 0 100  2
