S H D C Bid Vul Combo OtherCombo HandPattern NO -6 -5 -4 -3 -2 -1 0 1 2 3 4 5 6 7 avg ParPos ParNeg noPar b000 b001 b010 b011 b100 b101 b110 b111 b1xx bx1x bxx1  Cnt
(AQT875) AT74 AQ Q S EW AQT875 AT74-AQ-Q 6-4-2-1 0 0 0 0 0 0 0 0 0 0 0 0 0 100 0 6 100 0 0 0 0 0 0 0 100 0 0 100 0 100  1
(AQT875) AT74 AQ Q S -- AQT875 AT74-AQ-Q 6-4-2-1 0 0 0 0 0 0 0 0 0 0 0 0 0 100 0 6 100 0 0 0 0 0 0 0 100 0 0 100 0 100  1
(AQT875) AT74 AQ Q S ++ AQT875 AT74-AQ-Q 6-4-2-1 0 0 0 0 0 0 0 0 0 0 0 0 0 100 0 6 100 0 0 0 0 0 0 0 100 0 0 100 0 100  1
(AQT875) AT74 AQ Q S NS AQT875 AT74-AQ-Q 6-4-2-1 0 0 0 0 0 0 0 0 0 0 0 0 0 100 0 6 100 0 0 0 0 0 0 0 100 0 0 100 0 100  1
(AQT875) AT74 Q AQ S EW AQT875 AT74-AQ-Q 6-4-2-1 0 0 0 0 0 0 0 0 0 0 0 0 0 100 0 6 100 0 0 0 0 0 0 0 100 0 0 100 0 100  1
(AQT875) AT74 Q AQ S -- AQT875 AT74-AQ-Q 6-4-2-1 0 0 0 0 0 0 0 0 0 0 0 0 0 100 0 6 100 0 0 0 0 0 0 0 100 0 0 100 0 100  1
(AQT875) AT74 Q AQ S ++ AQT875 AT74-AQ-Q 6-4-2-1 0 0 0 0 0 0 0 0 0 0 0 0 0 100 0 6 100 0 0 0 0 0 0 0 100 0 0 100 0 100  1
(AQT875) AT74 Q AQ S NS AQT875 AT74-AQ-Q 6-4-2-1 0 0 0 0 0 0 0 0 0 0 0 0 0 100 0 6 100 0 0 0 0 0 0 0 100 0 0 100 0 100  1
(AQT875) AQ AT74 Q S EW AQT875 AT74-AQ-Q 6-4-2-1 0 0 0 0 0 0 0 0 0 0 0 0 0 100 0 6 100 0 0 0 0 0 0 0 100 0 0 100 0 100  1
(AQT875) AQ AT74 Q S -- AQT875 AT74-AQ-Q 6-4-2-1 0 0 0 0 0 0 0 0 0 0 0 0 0 100 0 6 100 0 0 0 0 0 0 0 100 0 0 100 0 100  1
(AQT875) AQ AT74 Q S ++ AQT875 AT74-AQ-Q 6-4-2-1 0 0 0 0 0 0 0 0 0 0 0 0 0 100 0 6 100 0 0 0 0 0 0 0 100 0 0 100 0 100  1
(AQT875) AQ AT74 Q S NS AQT875 AT74-AQ-Q 6-4-2-1 0 0 0 0 0 0 0 0 0 0 0 0 0 100 0 6 100 0 0 0 0 0 0 0 100 0 0 100 0 100  1
(AQT875) Q AT74 AQ S EW AQT875 AT74-AQ-Q 6-4-2-1 0 0 0 0 0 0 0 0 0 0 0 0 0 100 0 6 100 0 0 0 0 0 0 0 100 0 0 100 0 100  1
(AQT875) Q AT74 AQ S -- AQT875 AT74-AQ-Q 6-4-2-1 0 0 0 0 0 0 0 0 0 0 0 0 0 100 0 6 100 0 0 0 0 0 0 0 100 0 0 100 0 100  1
(AQT875) Q AT74 AQ S ++ AQT875 AT74-AQ-Q 6-4-2-1 0 0 0 0 0 0 0 0 0 0 0 0 0 100 0 6 100 0 0 0 0 0 0 0 100 0 0 100 0 100  1
(AQT875) Q AT74 AQ S NS AQT875 AT74-AQ-Q 6-4-2-1 0 0 0 0 0 0 0 0 0 0 0 0 0 100 0 6 100 0 0 0 0 0 0 0 100 0 0 100 0 100  1
(AQT875) AQ Q AT74 S EW AQT875 AT74-AQ-Q 6-4-2-1 0 0 0 0 0 0 0 0 0 0 0 0 0 100 0 6 100 0 0 0 0 0 0 0 100 0 0 100 0 100  1
(AQT875) AQ Q AT74 S -- AQT875 AT74-AQ-Q 6-4-2-1 0 0 0 0 0 0 0 0 0 0 0 0 0 100 0 6 100 0 0 0 0 0 0 0 100 0 0 100 0 100  1
(AQT875) AQ Q AT74 S ++ AQT875 AT74-AQ-Q 6-4-2-1 0 0 0 0 0 0 0 0 0 0 0 0 0 100 0 6 100 0 0 0 0 0 0 0 100 0 0 100 0 100  1
(AQT875) AQ Q AT74 S NS AQT875 AT74-AQ-Q 6-4-2-1 0 0 0 0 0 0 0 0 0 0 0 0 0 100 0 6 100 0 0 0 0 0 0 0 100 0 0 100 0 100  1
(AQT875) Q AQ AT74 S EW AQT875 AT74-AQ-Q 6-4-2-1 0 0 0 0 0 0 0 0 0 0 0 0 0 100 0 6 100 0 0 0 0 0 0 0 100 0 0 100 0 100  1
(AQT875) Q AQ AT74 S -- AQT875 AT74-AQ-Q 6-4-2-1 0 0 0 0 0 0 0 0 0 0 0 0 0 100 0 6 100 0 0 0 0 0 0 0 100 0 0 100 0 100  1
(AQT875) Q AQ AT74 S ++ AQT875 AT74-AQ-Q 6-4-2-1 0 0 0 0 0 0 0 0 0 0 0 0 0 100 0 6 100 0 0 0 0 0 0 0 100 0 0 100 0 100  1
(AQT875) Q AQ AT74 S NS AQT875 AT74-AQ-Q 6-4-2-1 0 0 0 0 0 0 0 0 0 0 0 0 0 100 0 6 100 0 0 0 0 0 0 0 100 0 0 100 0 100  1
AT74 (AQT875) AQ Q H EW AQT875 AT74-AQ-Q 6-4-2-1 0 0 0 0 0 0 0 0 0 0 0 0 0 100 0 6 100 0 0 0 0 0 0 0 100 0 0 100 0 100  1
AT74 (AQT875) AQ Q H -- AQT875 AT74-AQ-Q 6-4-2-1 0 0 0 0 0 0 0 0 0 0 0 0 0 100 0 6 100 0 0 0 0 0 0 0 100 0 0 100 0 100  1
AT74 (AQT875) AQ Q H ++ AQT875 AT74-AQ-Q 6-4-2-1 0 0 0 0 0 0 0 0 0 0 0 0 0 100 0 6 100 0 0 0 0 0 0 0 100 0 0 100 0 100  1
AT74 (AQT875) AQ Q H NS AQT875 AT74-AQ-Q 6-4-2-1 0 0 0 0 0 0 0 0 0 0 0 0 0 100 0 6 100 0 0 0 0 0 0 0 100 0 0 100 0 100  1
AT74 (AQT875) Q AQ H EW AQT875 AT74-AQ-Q 6-4-2-1 0 0 0 0 0 0 0 0 0 0 0 0 0 100 0 6 100 0 0 0 0 0 0 0 100 0 0 100 0 100  1
AT74 (AQT875) Q AQ H -- AQT875 AT74-AQ-Q 6-4-2-1 0 0 0 0 0 0 0 0 0 0 0 0 0 100 0 6 100 0 0 0 0 0 0 0 100 0 0 100 0 100  1
AT74 (AQT875) Q AQ H ++ AQT875 AT74-AQ-Q 6-4-2-1 0 0 0 0 0 0 0 0 0 0 0 0 0 100 0 6 100 0 0 0 0 0 0 0 100 0 0 100 0 100  1
AT74 (AQT875) Q AQ H NS AQT875 AT74-AQ-Q 6-4-2-1 0 0 0 0 0 0 0 0 0 0 0 0 0 100 0 6 100 0 0 0 0 0 0 0 100 0 0 100 0 100  1
AQ (AQT875) AT74 Q H EW AQT875 AT74-AQ-Q 6-4-2-1 0 0 0 0 0 0 0 0 0 0 0 0 0 100 0 6 100 0 0 0 0 0 0 0 100 0 0 100 0 100  1
AQ (AQT875) AT74 Q H -- AQT875 AT74-AQ-Q 6-4-2-1 0 0 0 0 0 0 0 0 0 0 0 0 0 100 0 6 100 0 0 0 0 0 0 0 100 0 0 100 0 100  1
AQ (AQT875) AT74 Q H ++ AQT875 AT74-AQ-Q 6-4-2-1 0 0 0 0 0 0 0 0 0 0 0 0 0 100 0 6 100 0 0 0 0 0 0 0 100 0 0 100 0 100  1
AQ (AQT875) AT74 Q H NS AQT875 AT74-AQ-Q 6-4-2-1 0 0 0 0 0 0 0 0 0 0 0 0 0 100 0 6 100 0 0 0 0 0 0 0 100 0 0 100 0 100  1
Q (AQT875) AT74 AQ H EW AQT875 AT74-AQ-Q 6-4-2-1 0 0 0 0 0 0 0 0 0 0 0 0 0 100 0 6 100 0 0 0 0 0 0 0 100 0 0 100 0 100  1
Q (AQT875) AT74 AQ H -- AQT875 AT74-AQ-Q 6-4-2-1 0 0 0 0 0 0 0 0 0 0 0 0 0 100 0 6 100 0 0 0 0 0 0 0 100 0 0 100 0 100  1
Q (AQT875) AT74 AQ H ++ AQT875 AT74-AQ-Q 6-4-2-1 0 0 0 0 0 0 0 0 0 0 0 0 0 100 0 6 100 0 0 0 0 0 0 0 100 0 0 100 0 100  1
Q (AQT875) AT74 AQ H NS AQT875 AT74-AQ-Q 6-4-2-1 0 0 0 0 0 0 0 0 0 0 0 0 0 100 0 6 0 0 100 0 0 0 100 0 0 0 0 0 100 100  1
AQ (AQT875) Q AT74 H EW AQT875 AT74-AQ-Q 6-4-2-1 0 0 0 0 0 0 0 0 0 0 0 0 0 100 0 6 100 0 0 0 0 0 0 0 100 0 0 100 0 100  1
AQ (AQT875) Q AT74 H -- AQT875 AT74-AQ-Q 6-4-2-1 0 0 0 0 0 0 0 0 0 0 0 0 0 100 0 6 100 0 0 0 0 0 0 0 100 0 0 100 0 100  1
AQ (AQT875) Q AT74 H ++ AQT875 AT74-AQ-Q 6-4-2-1 0 0 0 0 0 0 0 0 0 0 0 0 0 100 0 6 100 0 0 0 0 0 0 0 100 0 0 100 0 100  1
AQ (AQT875) Q AT74 H NS AQT875 AT74-AQ-Q 6-4-2-1 0 0 0 0 0 0 0 0 0 0 0 0 0 100 0 6 100 0 0 0 0 0 0 0 100 0 0 100 0 100  1
Q (AQT875) AQ AT74 H EW AQT875 AT74-AQ-Q 6-4-2-1 0 0 0 0 0 0 0 0 0 0 0 0 0 100 0 6 100 0 0 0 0 0 0 0 100 0 0 100 0 100  1
Q (AQT875) AQ AT74 H -- AQT875 AT74-AQ-Q 6-4-2-1 0 0 0 0 0 0 0 0 0 0 0 0 0 100 0 6 100 0 0 0 0 0 0 0 100 0 0 100 0 100  1
Q (AQT875) AQ AT74 H ++ AQT875 AT74-AQ-Q 6-4-2-1 0 0 0 0 0 0 0 0 0 0 0 0 0 100 0 6 100 0 0 0 0 0 0 0 100 0 0 100 0 100  1
Q (AQT875) AQ AT74 H NS AQT875 AT74-AQ-Q 6-4-2-1 0 0 0 0 0 0 0 0 0 0 0 0 0 100 0 6 0 0 100 0 0 0 100 0 0 0 0 0 100 100  1
AT74 AQ (AQT875) Q D EW AQT875 AT74-AQ-Q 6-4-2-1 100 0 0 0 0 0 0 0 0 0 0 0 0 0 0 0 0 0 100 0 0 0 0 100 0 0 0 100 0 0  1
AT74 AQ (AQT875) Q D -- AQT875 AT74-AQ-Q 6-4-2-1 100 0 0 0 0 0 0 0 0 0 0 0 0 0 0 0 0 0 100 0 0 0 0 100 0 0 0 100 0 0  1
AT74 AQ (AQT875) Q D ++ AQT875 AT74-AQ-Q 6-4-2-1 100 0 0 0 0 0 0 0 0 0 0 0 0 0 0 0 0 0 100 0 0 0 0 100 0 0 0 100 0 0  1
AT74 AQ (AQT875) Q D NS AQT875 AT74-AQ-Q 6-4-2-1 100 0 0 0 0 0 0 0 0 0 0 0 0 0 0 0 0 0 100 0 0 0 0 100 0 0 0 100 0 0  1
AT74 Q (AQT875) AQ D EW AQT875 AT74-AQ-Q 6-4-2-1 100 0 0 0 0 0 0 0 0 0 0 0 0 0 0 0 0 0 100 0 0 0 0 100 0 0 0 100 0 0  1
AT74 Q (AQT875) AQ D -- AQT875 AT74-AQ-Q 6-4-2-1 100 0 0 0 0 0 0 0 0 0 0 0 0 0 0 0 0 0 100 0 0 0 0 100 0 0 0 100 0 0  1
AT74 Q (AQT875) AQ D ++ AQT875 AT74-AQ-Q 6-4-2-1 100 0 0 0 0 0 0 0 0 0 0 0 0 0 0 0 0 0 100 0 0 0 0 100 0 0 0 100 0 0  1
AT74 Q (AQT875) AQ D NS AQT875 AT74-AQ-Q 6-4-2-1 100 0 0 0 0 0 0 0 0 0 0 0 0 0 0 0 0 0 100 0 0 0 0 100 0 0 0 100 0 0  1
AQ AT74 (AQT875) Q D EW AQT875 AT74-AQ-Q 6-4-2-1 100 0 0 0 0 0 0 0 0 0 0 0 0 0 0 0 0 0 100 0 0 0 0 100 0 0 0 100 0 0  1
AQ AT74 (AQT875) Q D -- AQT875 AT74-AQ-Q 6-4-2-1 100 0 0 0 0 0 0 0 0 0 0 0 0 0 0 0 0 0 100 0 0 0 0 100 0 0 0 100 0 0  1
AQ AT74 (AQT875) Q D ++ AQT875 AT74-AQ-Q 6-4-2-1 100 0 0 0 0 0 0 0 0 0 0 0 0 0 0 0 0 0 100 0 0 0 0 100 0 0 0 100 0 0  1
AQ AT74 (AQT875) Q D NS AQT875 AT74-AQ-Q 6-4-2-1 100 0 0 0 0 0 0 0 0 0 0 0 0 0 0 0 0 0 100 0 0 0 0 100 0 0 0 100 0 0  1
Q AT74 (AQT875) AQ D EW AQT875 AT74-AQ-Q 6-4-2-1 100 0 0 0 0 0 0 0 0 0 0 0 0 0 0 0 0 0 100 0 0 0 0 100 0 0 0 100 0 0  1
Q AT74 (AQT875) AQ D -- AQT875 AT74-AQ-Q 6-4-2-1 100 0 0 0 0 0 0 0 0 0 0 0 0 0 0 0 0 0 100 0 0 0 0 100 0 0 0 100 0 0  1
Q AT74 (AQT875) AQ D ++ AQT875 AT74-AQ-Q 6-4-2-1 100 0 0 0 0 0 0 0 0 0 0 0 0 0 0 0 0 0 100 0 0 0 0 100 0 0 0 100 0 0  1
Q AT74 (AQT875) AQ D NS AQT875 AT74-AQ-Q 6-4-2-1 100 0 0 0 0 0 0 0 0 0 0 0 0 0 0 0 0 0 100 0 0 100 0 0 0 0 0 0 100 0  1
AQ Q (AQT875) AT74 D EW AQT875 AT74-AQ-Q 6-4-2-1 0 0 0 0 0 0 0 0 0 0 0 0 0 100 0 6 100 0 0 0 0 0 0 0 100 0 0 100 0 100  1
AQ Q (AQT875) AT74 D -- AQT875 AT74-AQ-Q 6-4-2-1 0 0 0 0 0 0 0 0 0 0 0 0 0 100 0 6 100 0 0 0 0 0 0 0 100 0 0 100 0 100  1
AQ Q (AQT875) AT74 D ++ AQT875 AT74-AQ-Q 6-4-2-1 0 0 0 0 0 0 0 0 0 0 0 0 0 100 0 6 100 0 0 0 0 0 0 0 100 0 0 100 0 100  1
AQ Q (AQT875) AT74 D NS AQT875 AT74-AQ-Q 6-4-2-1 0 0 0 0 0 0 0 0 0 0 0 0 0 100 0 6 100 0 0 0 0 0 0 0 100 0 0 100 0 100  1
Q AQ (AQT875) AT74 D EW AQT875 AT74-AQ-Q 6-4-2-1 0 0 0 0 0 0 0 0 0 0 0 0 0 100 0 6 100 0 0 0 0 0 0 0 100 0 0 100 0 100  1
Q AQ (AQT875) AT74 D -- AQT875 AT74-AQ-Q 6-4-2-1 0 0 0 0 0 0 0 0 0 0 0 0 0 100 0 6 100 0 0 0 0 0 0 0 100 0 0 100 0 100  1
Q AQ (AQT875) AT74 D ++ AQT875 AT74-AQ-Q 6-4-2-1 0 0 0 0 0 0 0 0 0 0 0 0 0 100 0 6 100 0 0 0 0 0 0 0 100 0 0 100 0 100  1
Q AQ (AQT875) AT74 D NS AQT875 AT74-AQ-Q 6-4-2-1 0 0 0 0 0 0 0 0 0 0 0 0 0 100 0 6 100 0 0 0 0 0 0 0 100 0 0 100 0 100  1
AT74 AQ Q (AQT875) C EW AQT875 AT74-AQ-Q 6-4-2-1 100 0 0 0 0 0 0 0 0 0 0 0 0 0 0 0 0 0 100 0 0 0 0 100 0 0 0 100 0 0  1
AT74 AQ Q (AQT875) C -- AQT875 AT74-AQ-Q 6-4-2-1 100 0 0 0 0 0 0 0 0 0 0 0 0 0 0 0 0 0 100 0 0 0 0 100 0 0 0 100 0 0  1
AT74 AQ Q (AQT875) C ++ AQT875 AT74-AQ-Q 6-4-2-1 100 0 0 0 0 0 0 0 0 0 0 0 0 0 0 0 0 0 100 0 0 0 0 100 0 0 0 100 0 0  1
AT74 AQ Q (AQT875) C NS AQT875 AT74-AQ-Q 6-4-2-1 100 0 0 0 0 0 0 0 0 0 0 0 0 0 0 0 0 0 100 0 0 0 0 100 0 0 0 100 0 0  1
AT74 Q AQ (AQT875) C EW AQT875 AT74-AQ-Q 6-4-2-1 100 0 0 0 0 0 0 0 0 0 0 0 0 0 0 0 0 0 100 0 0 0 0 100 0 0 0 100 0 0  1
AT74 Q AQ (AQT875) C -- AQT875 AT74-AQ-Q 6-4-2-1 100 0 0 0 0 0 0 0 0 0 0 0 0 0 0 0 0 0 100 0 0 0 0 100 0 0 0 100 0 0  1
AT74 Q AQ (AQT875) C ++ AQT875 AT74-AQ-Q 6-4-2-1 100 0 0 0 0 0 0 0 0 0 0 0 0 0 0 0 0 0 100 0 0 0 0 100 0 0 0 100 0 0  1
AT74 Q AQ (AQT875) C NS AQT875 AT74-AQ-Q 6-4-2-1 100 0 0 0 0 0 0 0 0 0 0 0 0 0 0 0 0 0 100 0 0 0 0 100 0 0 0 100 0 0  1
AQ AT74 Q (AQT875) C EW AQT875 AT74-AQ-Q 6-4-2-1 100 0 0 0 0 0 0 0 0 0 0 0 0 0 0 0 0 0 100 0 0 0 0 100 0 0 0 100 0 0  1
AQ AT74 Q (AQT875) C -- AQT875 AT74-AQ-Q 6-4-2-1 100 0 0 0 0 0 0 0 0 0 0 0 0 0 0 0 0 0 100 0 0 0 0 100 0 0 0 100 0 0  1
AQ AT74 Q (AQT875) C ++ AQT875 AT74-AQ-Q 6-4-2-1 100 0 0 0 0 0 0 0 0 0 0 0 0 0 0 0 0 0 100 0 0 0 0 100 0 0 0 100 0 0  1
AQ AT74 Q (AQT875) C NS AQT875 AT74-AQ-Q 6-4-2-1 100 0 0 0 0 0 0 0 0 0 0 0 0 0 0 0 0 0 100 0 0 0 0 100 0 0 0 100 0 0  1
Q AT74 AQ (AQT875) C EW AQT875 AT74-AQ-Q 6-4-2-1 100 0 0 0 0 0 0 0 0 0 0 0 0 0 0 0 0 0 100 0 0 0 0 100 0 0 0 100 0 0  1
Q AT74 AQ (AQT875) C -- AQT875 AT74-AQ-Q 6-4-2-1 100 0 0 0 0 0 0 0 0 0 0 0 0 0 0 0 0 0 100 0 0 0 0 100 0 0 0 100 0 0  1
Q AT74 AQ (AQT875) C ++ AQT875 AT74-AQ-Q 6-4-2-1 100 0 0 0 0 0 0 0 0 0 0 0 0 0 0 0 0 0 100 0 0 0 0 100 0 0 0 100 0 0  1
Q AT74 AQ (AQT875) C NS AQT875 AT74-AQ-Q 6-4-2-1 100 0 0 0 0 0 0 0 0 0 0 0 0 0 0 0 0 0 100 0 0 100 0 0 0 0 0 0 100 0  1
AQ Q AT74 (AQT875) C EW AQT875 AT74-AQ-Q 6-4-2-1 0 0 0 0 0 0 0 0 0 0 0 0 0 100 0 6 100 0 0 0 0 0 0 0 100 0 0 100 0 100  1
AQ Q AT74 (AQT875) C -- AQT875 AT74-AQ-Q 6-4-2-1 0 0 0 0 0 0 0 0 0 0 0 0 0 100 0 6 100 0 0 0 0 0 0 0 100 0 0 100 0 100  1
AQ Q AT74 (AQT875) C ++ AQT875 AT74-AQ-Q 6-4-2-1 0 0 0 0 0 0 0 0 0 0 0 0 0 100 0 6 100 0 0 0 0 0 0 0 100 0 0 100 0 100  1
AQ Q AT74 (AQT875) C NS AQT875 AT74-AQ-Q 6-4-2-1 0 0 0 0 0 0 0 0 0 0 0 0 0 100 0 6 100 0 0 0 0 0 0 0 100 0 0 100 0 100  1
Q AQ AT74 (AQT875) C EW AQT875 AT74-AQ-Q 6-4-2-1 0 0 0 0 0 0 0 0 0 0 0 0 0 100 0 6 100 0 0 0 0 0 0 0 100 0 0 100 0 100  1
Q AQ AT74 (AQT875) C -- AQT875 AT74-AQ-Q 6-4-2-1 0 0 0 0 0 0 0 0 0 0 0 0 0 100 0 6 100 0 0 0 0 0 0 0 100 0 0 100 0 100  1
Q AQ AT74 (AQT875) C ++ AQT875 AT74-AQ-Q 6-4-2-1 0 0 0 0 0 0 0 0 0 0 0 0 0 100 0 6 100 0 0 0 0 0 0 0 100 0 0 100 0 100  1
Q AQ AT74 (AQT875) C NS AQT875 AT74-AQ-Q 6-4-2-1 0 0 0 0 0 0 0 0 0 0 0 0 0 100 0 6 100 0 0 0 0 0 0 0 100 0 0 100 0 100  1
