62:deal319 nigulh$ ./deal -i analyys/kaudne_toetus/kaudne_toetus.tcl -i format/none 10000
10000
7944.5 deals
0,0,0,21.0,163.0,483.5,804.0,1193.5,1874.5,1800.0,1187.5,384.5,33.0,0
  avg tricks: 8.0568317704072
152.0,1073.0,2625.5,2593.0,1208.5,273.5,19.0,0,0,0,0,0,0,0
  avg supp: 2.570142866133803

2055.5 deals
0,0,0,1.0,46.0,142.5,277.0,389.5,436.5,364.0,268.5,119.5,11.0,0
  avg tricks: 7.875212843590368
21.0,221.0,717.5,667.0,345.5,71.5,12.0,0,0,0,0,0,0,0
  avg supp: 2.660423254682559

Generated 143262 deals
62:deal319 nigulh$ ./deal -i analyys/kaudne_toetus/kaudne_toetus.tcl -i format/none 10000
100
7883.5 deals
0,0,0,15.5,193.5,433.5,811.0,1216.5,1801.0,1823.5,1174.5,392.0,22.5,0
  avg tricks: 8.056827551214562
159.5,1098.5,2601.5,2562.0,1158.0,277.0,27.0,0.0,0,0,0,0,0,0
  avg supp: 2.558064311536754

2116.5 deals
0,0,0,3.5,50.5,155.5,259.0,401.5,440.0,399.5,280.5,116.0,10.5,0
  avg tricks: 7.879518072289157
32.5,261.5,680.5,724.0,335.0,76.0,6.0,1.0,0,0,0,0,0,0
  avg supp: 2.6257973068745573

Generated 142499 deals
62:deal319 nigulh$ ./deal -i analyys/kaudne_toetus/kaudne_toetus.tcl -i format/none 10000
100
7877.0 deals
0,0,1.0,12.0,174.5,446.5,800.5,1230.0,1855.5,1814.5,1150.5,364.5,27.5,0
  avg tricks: 8.048812999873048
149.5,1116.0,2562.5,2591.0,1171.0,261.5,25.0,0.5,0,0,0,0,0,0
  avg supp: 2.559223054462359

2123.0 deals
0,0,0.0,3.0,48.5,153.5,301.5,404.0,448.5,374.5,258.5,118.5,12.5,0
  avg tricks: 7.821243523316062
32.5,265.0,705.5,698.0,336.0,79.5,6.0,0.5,0,0,0,0,0,0
  avg supp: 2.6146961846443713

Generated 140884 deals

