[106@21:45] nigulh:deal319$ ./deal -i analyys/2c_gf/2c_gf.tcl 10000
10000: KJ Q763 QJT8 A746{}
majorgame 0     1     2     3     4     5     6     7     8     9     10    
10        1     10    38    123   183   179   93    35    15    1     0     
11        1     12    48    107   248   207   117   42    9     0     0     
12        1     12    48    148   228   222   93    33    6     1     0     
13        0     11    57    165   245   212   105   33    8     2     0     
14        4     10    58    154   209   203   78    27    5     2     0     
15        0     7     61    137   179   176   65    21    1     1     0     
16        0     10    47    104   113   117   50    16    0     1     0     

major_counts 0     1     2     3     4     5     6     7     8     9     10    
10        52    318   811   1.24e+03 1.17e+03 701   232   73    20    1     0     
11        51    276   757   1.1e+03 1.04e+03 600   236   56    13    0     0     
12        32    212   601   943   828   534   190   49    6     1     0     
13        21    181   534   800   740   471   150   49    8     2     0     
14        25    134   401   612   568   353   115   31    5     2     0     
15        13    90    298   435   388   264   83    23    1     1     0     
16        8     74    189   288   262   160   59    17    0     1     0     

clubgame  0     1     2     3     4     5     6     7     8     9     10    
10        3     27    75    130   104   41    1     0     0     0     0     
11        4     37    98    186   121   49    6     0     0     0     0     
12        5     35    133   177   135   33    3     1     0     0     0     
13        3     51    167   207   135   37    8     0     0     0     0     
14        2     35    147   212   112   30    3     0     0     0     0     
15        6     52    117   146   99    21    3     0     0     0     0     
16        6     39    109   107   68    20    4     1     0     0     0     

club_counts 0     1     2     3     4     5     6     7     8     9     10    
10        97    420   731   643   321   90    6     2     0     0     0     
11        79    366   618   617   293   76    13    2     0     0     0     
12        62    293   551   476   257   52    5     2     0     0     0     
13        58    280   466   413   199   54    8     0     0     0     0     
14        38    201   346   340   154   39    5     0     0     0     0     
15        37    168   231   207   123   27    5     0     0     0     0     
16        15    95    174   139   80    21    4     1     0     0     0     

nsPoints  10    11    12    13    14    15    16    
10        491   451   397   386   297   225   175   
11        535   437   393   329   280   198   139   
12        425   384   328   276   223   155   85    
13        365   322   259   204   140   111   69    
14        292   283   185   161   114   69    41    
15        202   187   136   122   69    40    20    
16        0     0     0     0     0     0     0     

notrump tr 0     1     2     3     4     5     6     7     8     9     10    11    12    13    sum
avg   
10        .0866 .26   .519  1.56  3.55  10.3  19.8  23.5  22.3  11.6  4.55  1.47  .346  .13   100 7.06  
11        0     .242  .194  .63   2.52  5.62  16.1  24    21.9  16.2  8.48  2.86  .921  .242  100 7.57  
12        .0589 .0589 .412  .412  1.35  4.06  12.9  19.6  24.6  18.6  11.3  5.01  1.47  .177  100 7.95  
13        0     .0677 .135  .203  .609  2.3   7.51  15.9  21.7  20.1  17.6  9.95  3.38  .609  100 8.59  
14        0     0     0     .089  .445  1.96  4.1   12.6  18.2  20.2  21.1  13.6  6.14  1.51  100 9.07  
15        0     0     0     .251  .376  1.13  3.51  9.4   14.7  18    23.1  17.2  9.77  2.63  100 9.45  
16        0     0     0     0     .189  .378  2.65  7.56  8.7   16.3  25.9  22.3  12.9  3.21  100 9.88  

game      0     1     n9    m10   c11   avg   
10        57    43    18.1  27.6  16.5  .43   
11        44.3  55.7  28.7  35.3  24.3  .557  
12        33.8  66.2  36.6  42.3  30.7  .662  
13        21.9  78.1  51.6  49.9  41.1  .781  
14        13.2  86.8  62.6  56.6  48.2  .868  
15        7.27  92.7  70.7  65.5  55.6  .927  
16        3.59  96.4  80.5  68.1  66.9  .964  

.         10    11    12    13    14    15    16    
precPoints 2.42e+03 2.31e+03 1.88e+03 1.47e+03 1.14e+03 776   0     
responderPoints 2.31e+03 2.06e+03 1.7e+03 1.48e+03 1.12e+03 798   529   

Accepted deals: 1e+04
Plus rejected deals: 4.74e+05
