0 0 5 8 10 : 6
0 0 5 8 11 : 6
0 0 6 7 9 : 7
0 0 6 7 10 : 6
0 0 6 7 12 : 12
0 0 6 7 13 : 7
0 1 3 9 7 : 14
0 1 3 9 8 : 8
0 1 3 9 9 : 9
0 1 3 9 10 : 11
0 1 3 9 11 : 8
0 1 3 9 12 : 11
0 1 3 9 13 : 11
0 1 3 9 15 : 6
0 1 4 8 3 : 10
0 1 4 8 4 : 12
0 1 4 8 5 : 25
0 1 4 8 6 : 21
0 1 4 8 7 : 29
0 1 4 8 8 : 36
0 1 4 8 9 : 47
0 1 4 8 10 : 39
0 1 4 8 11 : 33
0 1 4 8 12 : 43
0 1 4 8 13 : 37
0 1 4 8 14 : 39
0 1 4 8 15 : 20
0 1 4 8 16 : 14
0 1 5 7 2 : 8
0 1 5 7 3 : 17
0 1 5 7 4 : 32
0 1 5 7 5 : 49
0 1 5 7 6 : 65
0 1 5 7 7 : 98
0 1 5 7 8 : 99
0 1 5 7 9 : 103
0 1 5 7 10 : 126
0 1 5 7 11 : 111
0 1 5 7 12 : 90
0 1 5 7 13 : 69
0 1 5 7 14 : 66
0 1 5 7 15 : 54
0 1 5 7 16 : 36
0 1 5 7 17 : 24
0 1 5 7 18 : 13
0 1 6 6 3 : 15
0 1 6 6 4 : 29
0 1 6 6 5 : 36
0 1 6 6 6 : 45
0 1 6 6 7 : 53
0 1 6 6 8 : 75
0 1 6 6 9 : 74
0 1 6 6 10 : 90
0 1 6 6 11 : 90
0 1 6 6 12 : 62
0 1 6 6 13 : 56
0 1 6 6 14 : 47
0 1 6 6 15 : 33
0 1 6 6 16 : 20
0 1 6 6 17 : 13
0 1 6 6 18 : 6
0 1 6 6 19 : 7
0 2 2 9 6 : 7
0 2 2 9 7 : 7
0 2 2 9 8 : 8
0 2 2 9 10 : 14
0 2 2 9 12 : 6
0 2 2 9 13 : 8
0 2 3 8 2 : 11
0 2 3 8 3 : 23
0 2 3 8 4 : 35
0 2 3 8 5 : 51
0 2 3 8 6 : 68
0 2 3 8 7 : 85
0 2 3 8 8 : 92
0 2 3 8 9 : 117
0 2 3 8 10 : 108
0 2 3 8 11 : 103
0 2 3 8 12 : 92
0 2 3 8 13 : 80
0 2 3 8 14 : 68
0 2 3 8 15 : 44
0 2 3 8 16 : 29
0 2 3 8 17 : 25
0 2 3 8 18 : 9
0 2 3 8 19 : 6
0 2 4 7 0 : 10
0 2 4 7 1 : 22
0 2 4 7 2 : 37
0 2 4 7 3 : 70
0 2 4 7 4 : 123
0 2 4 7 5 : 165
0 2 4 7 6 : 247
0 2 4 7 7 : 288
0 2 4 7 8 : 298
0 2 4 7 9 : 380
0 2 4 7 10 : 399
0 2 4 7 11 : 396
0 2 4 7 12 : 304
0 2 4 7 13 : 274
0 2 4 7 14 : 198
0 2 4 7 15 : 139
0 2 4 7 16 : 109
0 2 4 7 17 : 77
0 2 4 7 18 : 49
0 2 4 7 19 : 34
0 2 4 7 20 : 17
0 2 4 7 21 : 9
0 2 5 6 0 : 20
0 2 5 6 1 : 34
0 2 5 6 2 : 69
0 2 5 6 3 : 135
0 2 5 6 4 : 266
0 2 5 6 5 : 328
0 2 5 6 6 : 455
0 2 5 6 7 : 501
0 2 5 6 8 : 570
0 2 5 6 9 : 655
0 2 5 6 10 : 689
0 2 5 6 11 : 635
0 2 5 6 12 : 565
0 2 5 6 13 : 492
0 2 5 6 14 : 400
0 2 5 6 15 : 292
0 2 5 6 16 : 192
0 2 5 6 17 : 147
0 2 5 6 18 : 91
0 2 5 6 19 : 54
0 2 5 6 20 : 24
0 2 5 6 21 : 14
0 2 5 6 22 : 9
0 3 3 7 0 : 7
0 3 3 7 1 : 11
0 3 3 7 2 : 30
0 3 3 7 3 : 41
0 3 3 7 4 : 89
0 3 3 7 5 : 138
0 3 3 7 6 : 172
0 3 3 7 7 : 220
0 3 3 7 8 : 254
0 3 3 7 9 : 273
0 3 3 7 10 : 263
0 3 3 7 11 : 228
0 3 3 7 12 : 249
0 3 3 7 13 : 181
0 3 3 7 14 : 146
0 3 3 7 15 : 117
0 3 3 7 16 : 92
0 3 3 7 17 : 57
0 3 3 7 18 : 33
0 3 3 7 19 : 19
0 3 3 7 20 : 9
0 3 4 6 0 : 32
0 3 4 6 1 : 96
0 3 4 6 2 : 150
0 3 4 6 3 : 326
0 3 4 6 4 : 427
0 3 4 6 5 : 673
0 3 4 6 6 : 831
0 3 4 6 7 : 1051
0 3 4 6 8 : 1186
0 3 4 6 9 : 1265
0 3 4 6 10 : 1322
0 3 4 6 11 : 1223
0 3 4 6 12 : 1178
0 3 4 6 13 : 958
0 3 4 6 14 : 805
0 3 4 6 15 : 575
0 3 4 6 16 : 419
0 3 4 6 17 : 304
0 3 4 6 18 : 168
0 3 4 6 19 : 112
0 3 4 6 20 : 67
0 3 4 6 21 : 39
0 3 4 6 22 : 14
0 3 4 6 23 : 8
0 3 5 5 0 : 25
0 3 5 5 1 : 68
0 3 5 5 2 : 110
0 3 5 5 3 : 208
0 3 5 5 4 : 328
0 3 5 5 5 : 442
0 3 5 5 6 : 607
0 3 5 5 7 : 725
0 3 5 5 8 : 801
0 3 5 5 9 : 891
0 3 5 5 10 : 888
0 3 5 5 11 : 840
0 3 5 5 12 : 728
0 3 5 5 13 : 657
0 3 5 5 14 : 551
0 3 5 5 15 : 379
0 3 5 5 16 : 283
0 3 5 5 17 : 208
0 3 5 5 18 : 102
0 3 5 5 19 : 74
0 3 5 5 20 : 40
0 3 5 5 21 : 36
0 3 5 5 22 : 16
0 4 4 5 0 : 34
0 4 4 5 1 : 69
0 4 4 5 2 : 158
0 4 4 5 3 : 291
0 4 4 5 4 : 417
0 4 4 5 5 : 613
0 4 4 5 6 : 839
0 4 4 5 7 : 1009
0 4 4 5 8 : 1058
0 4 4 5 9 : 1230
0 4 4 5 10 : 1258
0 4 4 5 11 : 1141
0 4 4 5 12 : 986
0 4 4 5 13 : 868
0 4 4 5 14 : 705
0 4 4 5 15 : 571
0 4 4 5 16 : 387
0 4 4 5 17 : 278
0 4 4 5 18 : 157
0 4 4 5 19 : 117
0 4 4 5 20 : 70
0 4 4 5 21 : 27
0 4 4 5 22 : 19
0 4 4 5 23 : 11
1 1 2 9 5 : 16
1 1 2 9 6 : 11
1 1 2 9 7 : 13
1 1 2 9 8 : 22
1 1 2 9 9 : 25
1 1 2 9 10 : 26
1 1 2 9 11 : 17
1 1 2 9 12 : 17
1 1 2 9 13 : 13
1 1 2 9 14 : 13
1 1 2 9 15 : 7
1 1 2 9 16 : 7
1 1 3 8 2 : 9
1 1 3 8 3 : 21
1 1 3 8 4 : 30
1 1 3 8 5 : 64
1 1 3 8 6 : 90
1 1 3 8 7 : 116
1 1 3 8 8 : 96
1 1 3 8 9 : 134
1 1 3 8 10 : 123
1 1 3 8 11 : 108
1 1 3 8 12 : 118
1 1 3 8 13 : 115
1 1 3 8 14 : 64
1 1 3 8 15 : 52
1 1 3 8 16 : 37
1 1 3 8 17 : 24
1 1 3 8 18 : 16
1 1 3 8 19 : 7
1 1 4 7 0 : 7
1 1 4 7 1 : 22
1 1 4 7 2 : 50
1 1 4 7 3 : 86
1 1 4 7 4 : 112
1 1 4 7 5 : 201
1 1 4 7 6 : 237
1 1 4 7 7 : 325
1 1 4 7 8 : 372
1 1 4 7 9 : 386
1 1 4 7 10 : 430
1 1 4 7 11 : 407
1 1 4 7 12 : 355
1 1 4 7 13 : 267
1 1 4 7 14 : 231
1 1 4 7 15 : 180
1 1 4 7 16 : 127
1 1 4 7 17 : 93
1 1 4 7 18 : 62
1 1 4 7 19 : 30
1 1 4 7 20 : 19
1 1 4 7 21 : 11
1 1 4 7 22 : 6
1 1 5 6 0 : 15
1 1 5 6 1 : 50
1 1 5 6 2 : 74
1 1 5 6 3 : 133
1 1 5 6 4 : 237
1 1 5 6 5 : 326
1 1 5 6 6 : 471
1 1 5 6 7 : 563
1 1 5 6 8 : 586
1 1 5 6 9 : 663
1 1 5 6 10 : 715
1 1 5 6 11 : 621
1 1 5 6 12 : 563
1 1 5 6 13 : 502
1 1 5 6 14 : 408
1 1 5 6 15 : 288
1 1 5 6 16 : 247
1 1 5 6 17 : 163
1 1 5 6 18 : 93
1 1 5 6 19 : 51
1 1 5 6 20 : 34
1 1 5 6 21 : 13
1 1 5 6 22 : 7
1 2 2 8 1 : 10
1 2 2 8 2 : 11
1 2 2 8 3 : 38
1 2 2 8 4 : 68
1 2 2 8 5 : 76
1 2 2 8 6 : 132
1 2 2 8 7 : 153
1 2 2 8 8 : 177
1 2 2 8 9 : 204
1 2 2 8 10 : 216
1 2 2 8 11 : 195
1 2 2 8 12 : 177
1 2 2 8 13 : 155
1 2 2 8 14 : 126
1 2 2 8 15 : 75
1 2 2 8 16 : 48
1 2 2 8 17 : 37
1 2 2 8 18 : 22
1 2 2 8 19 : 14
1 2 2 8 20 : 11
1 2 3 7 0 : 34
1 2 3 7 1 : 115
1 2 3 7 2 : 173
1 2 3 7 3 : 426
1 2 3 7 4 : 665
1 2 3 7 5 : 945
1 2 3 7 6 : 1259
1 2 3 7 7 : 1548
1 2 3 7 8 : 1708
1 2 3 7 9 : 1847
1 2 3 7 10 : 1884
1 2 3 7 11 : 1767
1 2 3 7 12 : 1543
1 2 3 7 13 : 1293
1 2 3 7 14 : 1007
1 2 3 7 15 : 778
1 2 3 7 16 : 579
1 2 3 7 17 : 459
1 2 3 7 18 : 245
1 2 3 7 19 : 165
1 2 3 7 20 : 90
1 2 3 7 21 : 44
1 2 3 7 22 : 31
1 2 3 7 23 : 10
1 2 3 7 24 : 6
1 2 4 6 0 : 105
1 2 4 6 1 : 346
1 2 4 6 2 : 542
1 2 4 6 3 : 1079
1 2 4 6 4 : 1707
1 2 4 6 5 : 2274
1 2 4 6 6 : 3126
1 2 4 6 7 : 3847
1 2 4 6 8 : 4331
1 2 4 6 9 : 4496
1 2 4 6 10 : 4586
1 2 4 6 11 : 4430
1 2 4 6 12 : 3885
1 2 4 6 13 : 3371
1 2 4 6 14 : 2832
1 2 4 6 15 : 2048
1 2 4 6 16 : 1496
1 2 4 6 17 : 1093
1 2 4 6 18 : 683
1 2 4 6 19 : 433
1 2 4 6 20 : 266
1 2 4 6 21 : 144
1 2 4 6 22 : 94
1 2 4 6 23 : 38
1 2 4 6 24 : 15
1 2 4 6 25 : 8
1 2 5 5 0 : 98
1 2 5 5 1 : 210
1 2 5 5 2 : 395
1 2 5 5 3 : 717
1 2 5 5 4 : 1118
1 2 5 5 5 : 1629
1 2 5 5 6 : 2128
1 2 5 5 7 : 2557
1 2 5 5 8 : 2803
1 2 5 5 9 : 2992
1 2 5 5 10 : 3087
1 2 5 5 11 : 2924
1 2 5 5 12 : 2607
1 2 5 5 13 : 2305
1 2 5 5 14 : 1828
1 2 5 5 15 : 1370
1 2 5 5 16 : 1042
1 2 5 5 17 : 714
1 2 5 5 18 : 497
1 2 5 5 19 : 317
1 2 5 5 20 : 202
1 2 5 5 21 : 102
1 2 5 5 22 : 52
1 2 5 5 23 : 29
1 2 5 5 24 : 16
1 3 3 6 0 : 99
1 3 3 6 1 : 255
1 3 3 6 2 : 432
1 3 3 6 3 : 824
1 3 3 6 4 : 1283
1 3 3 6 5 : 1725
1 3 3 6 6 : 2206
1 3 3 6 7 : 2790
1 3 3 6 8 : 3053
1 3 3 6 9 : 3275
1 3 3 6 10 : 3271
1 3 3 6 11 : 3191
1 3 3 6 12 : 2805
1 3 3 6 13 : 2444
1 3 3 6 14 : 1989
1 3 3 6 15 : 1527
1 3 3 6 16 : 1079
1 3 3 6 17 : 798
1 3 3 6 18 : 548
1 3 3 6 19 : 339
1 3 3 6 20 : 197
1 3 3 6 21 : 110
1 3 3 6 22 : 59
1 3 3 6 23 : 23
1 3 3 6 24 : 15
1 3 4 5 0 : 460
1 3 4 5 1 : 994
1 3 4 5 2 : 1743
1 3 4 5 3 : 3185
1 3 4 5 4 : 4934
1 3 4 5 5 : 6810
1 3 4 5 6 : 8563
1 3 4 5 7 : 10406
1 3 4 5 8 : 11506
1 3 4 5 9 : 12220
1 3 4 5 10 : 12272
1 3 4 5 11 : 11546
1 3 4 5 12 : 10522
1 3 4 5 13 : 8992
1 3 4 5 14 : 7246
1 3 4 5 15 : 5620
1 3 4 5 16 : 4262
1 3 4 5 17 : 3137
1 3 4 5 18 : 2031
1 3 4 5 19 : 1318
1 3 4 5 20 : 777
1 3 4 5 21 : 442
1 3 4 5 22 : 259
1 3 4 5 23 : 125
1 3 4 5 24 : 64
1 3 4 5 25 : 36
1 3 4 5 26 : 10
1 4 4 4 0 : 118
1 4 4 4 1 : 243
1 4 4 4 2 : 463
1 4 4 4 3 : 722
1 4 4 4 4 : 1192
1 4 4 4 5 : 1604
1 4 4 4 6 : 1923
1 4 4 4 7 : 2356
1 4 4 4 8 : 2673
1 4 4 4 9 : 2712
1 4 4 4 10 : 2780
1 4 4 4 11 : 2684
1 4 4 4 12 : 2375
1 4 4 4 13 : 2093
1 4 4 4 14 : 1604
1 4 4 4 15 : 1280
1 4 4 4 16 : 940
1 4 4 4 17 : 741
1 4 4 4 18 : 434
1 4 4 4 19 : 313
1 4 4 4 20 : 189
1 4 4 4 21 : 103
1 4 4 4 22 : 63
1 4 4 4 23 : 34
1 4 4 4 24 : 20
2 2 2 7 0 : 13
2 2 2 7 1 : 32
2 2 2 7 2 : 53
2 2 2 7 3 : 121
2 2 2 7 4 : 178
2 2 2 7 5 : 248
2 2 2 7 6 : 342
2 2 2 7 7 : 394
2 2 2 7 8 : 464
2 2 2 7 9 : 503
2 2 2 7 10 : 524
2 2 2 7 11 : 510
2 2 2 7 12 : 457
2 2 2 7 13 : 376
2 2 2 7 14 : 263
2 2 2 7 15 : 195
2 2 2 7 16 : 182
2 2 2 7 17 : 138
2 2 2 7 18 : 64
2 2 2 7 19 : 40
2 2 2 7 20 : 19
2 2 2 7 21 : 17
2 2 2 7 22 : 8
2 2 3 6 0 : 187
2 2 3 6 1 : 481
2 2 3 6 2 : 737
2 2 3 6 3 : 1377
2 2 3 6 4 : 2062
2 2 3 6 5 : 2937
2 2 3 6 6 : 3723
2 2 3 6 7 : 4572
2 2 3 6 8 : 5069
2 2 3 6 9 : 5415
2 2 3 6 10 : 5393
2 2 3 6 11 : 5150
2 2 3 6 12 : 4670
2 2 3 6 13 : 3876
2 2 3 6 14 : 3212
2 2 3 6 15 : 2489
2 2 3 6 16 : 1885
2 2 3 6 17 : 1296
2 2 3 6 18 : 868
2 2 3 6 19 : 531
2 2 3 6 20 : 324
2 2 3 6 21 : 218
2 2 3 6 22 : 110
2 2 3 6 23 : 59
2 2 3 6 24 : 32
2 2 3 6 25 : 12
2 2 3 6 26 : 8
2 2 4 5 0 : 400
2 2 4 5 1 : 857
2 2 4 5 2 : 1501
2 2 4 5 3 : 2554
2 2 4 5 4 : 4066
2 2 4 5 5 : 5518
2 2 4 5 6 : 7031
2 2 4 5 7 : 8560
2 2 4 5 8 : 9576
2 2 4 5 9 : 9939
2 2 4 5 10 : 10057
2 2 4 5 11 : 9342
2 2 4 5 12 : 8449
2 2 4 5 13 : 7370
2 2 4 5 14 : 6032
2 2 4 5 15 : 4623
2 2 4 5 16 : 3436
2 2 4 5 17 : 2521
2 2 4 5 18 : 1681
2 2 4 5 19 : 1111
2 2 4 5 20 : 651
2 2 4 5 21 : 364
2 2 4 5 22 : 242
2 2 4 5 23 : 120
2 2 4 5 24 : 68
2 2 4 5 25 : 37
2 2 4 5 26 : 12
2 3 3 5 0 : 560
2 3 3 5 1 : 1330
2 3 3 5 2 : 2176
2 3 3 5 3 : 3901
2 3 3 5 4 : 6029
2 3 3 5 5 : 8131
2 3 3 5 6 : 10214
2 3 3 5 7 : 12296
2 3 3 5 8 : 13684
2 3 3 5 9 : 14349
2 3 3 5 10 : 14542
2 3 3 5 11 : 13564
2 3 3 5 12 : 12346
2 3 3 5 13 : 10680
2 3 3 5 14 : 8775
2 3 3 5 15 : 6877
2 3 3 5 16 : 5093
2 3 3 5 17 : 3774
2 3 3 5 18 : 2577
2 3 3 5 19 : 1715
2 3 3 5 20 : 1038
2 3 3 5 21 : 647
2 3 3 5 22 : 348
2 3 3 5 23 : 190
2 3 3 5 24 : 92
2 3 3 5 25 : 52
2 3 3 5 26 : 17
2 3 3 5 27 : 9
2 3 4 4 0 : 928
2 3 4 4 1 : 1812
2 3 4 4 2 : 3078
2 3 4 4 3 : 5550
2 3 4 4 4 : 8450
2 3 4 4 5 : 11335
2 3 4 4 6 : 14233
2 3 4 4 7 : 17271
2 3 4 4 8 : 18842
2 3 4 4 9 : 19821
2 3 4 4 10 : 19837
2 3 4 4 11 : 18886
2 3 4 4 12 : 16961
2 3 4 4 13 : 14561
2 3 4 4 14 : 12081
2 3 4 4 15 : 9527
2 3 4 4 16 : 7112
2 3 4 4 17 : 5186
2 3 4 4 18 : 3686
2 3 4 4 19 : 2348
2 3 4 4 20 : 1491
2 3 4 4 21 : 937
2 3 4 4 22 : 507
2 3 4 4 23 : 270
2 3 4 4 24 : 131
2 3 4 4 25 : 81
2 3 4 4 26 : 33
2 3 4 4 27 : 19
2 3 4 4 28 : 6
3 3 3 4 0 : 476
3 3 3 4 1 : 918
3 3 3 4 2 : 1578
3 3 3 4 3 : 2765
3 3 3 4 4 : 4315
3 3 3 4 5 : 5629
3 3 3 4 6 : 6772
3 3 3 4 7 : 8388
3 3 3 4 8 : 9327
3 3 3 4 9 : 9550
3 3 3 4 10 : 9481
3 3 3 4 11 : 9333
3 3 3 4 12 : 8304
3 3 3 4 13 : 7173
3 3 3 4 14 : 5862
3 3 3 4 15 : 4667
3 3 3 4 16 : 3631
3 3 3 4 17 : 2495
3 3 3 4 18 : 1824
3 3 3 4 19 : 1205
3 3 3 4 20 : 802
3 3 3 4 21 : 461
3 3 3 4 22 : 251
3 3 3 4 23 : 141
3 3 3 4 24 : 96
3 3 3 4 25 : 49
3 3 3 4 26 : 20
3 3 3 4 27 : 8
Total output: 999659
Generated 1000000 deals
