100000 3738
200000 7300
Generated 272977 deals
♥N   \ ♠W sum   avg   2     3     4     5     6     7     8     9     10    11    12    13    
sum             8.73  0     0     .11   .91   4.5   12.9  21.7  30.2  22    6.54  .99   .07   
avg       9.78        0     0     11.6  11.2  10.7  10.5  10.1  9.7   9.29  8.65  8.27  9.29  
4         0     0     0     0     0     0     0     0     0     0     0     0     0     0     
5         .01   10    0     0     0     0     0     0     0     0     .01   0     0     0     
6         .38   10.5  0     0     0     0     0     0     .01   .07   .08   .16   .06   0     
7         3.09  10.1  0     0     0     0     0     .01   .22   .59   1.14  .9    .23   0     
8         11.8  9.47  0     0     0     0     .08   .52   1.53  3.71  3.75  1.96  .22   .01   
9         25.4  9.08  0     0     0     .03   .62   2     4.56  8.36  7.53  1.97  .34   .03   
10        30    8.7   0     0     .02   .16   1.3   3.63  6.68  10.1  6.76  1.2   .14   .03   
11        21.1  8.18  0     0     .02   .4    1.29  4.09  6.51  6.15  2.33  .3    0     0     
12        7.57  7.59  0     0     .05   .28   1.02  2.37  2.07  1.29  .44   .05   0     0     
13        .66   6.76  0     0     .02   .04   .19   .25   .15   .01   0     0     0     0     

hcpE  \ ♥N sum   avg   4     5     6     7     8     9     10    11    12    13    
sum             9.78  0     .01   .38   3.09  11.8  25.4  30    21.1  7.57  .66   
avg       9.2         0     13    12.3  12    11    10.1  9.08  7.85  6.51  6.56  
0         .02   12    0     0     0     0     0     0     0     0     .02   0     
1         .15   11.8  0     0     0     0     0     0     0     .03   .12   0     
2         .42   11.8  0     0     0     0     0     0     .01   .08   .32   .01   
3         1.16  11.5  0     0     0     0     0     0     .13   .36   .61   .06   
4         2.26  11.2  0     0     0     0     0     .03   .34   1.14  .71   .04   
5         4     11    0     0     0     0     .01   .17   .96   1.73  1.03  .1    
6         6.12  10.7  0     0     0     0     .02   .48   1.88  2.64  .99   .11   
7         9.41  10.4  0     0     0     .02   .19   1.3   3.37  3.3   1.07  .16   
8         12.4  10.1  0     0     0     .03   .48   2.77  4.6   3.58  .95   .04   
9         15.5  9.8   0     0     .02   .13   1.25  4.61  5.72  2.98  .68   .07   
10        17.3  9.55  0     0     .02   .36   2.37  5.69  5.7   2.57  .59   .03   
11        13.5  9.29  0     0     .05   .5    2.83  4.5   3.69  1.59  .27   .04   
12        9.87  8.97  0     0     .13   .82   2.31  3.59  2.14  .77   .11   0     
13        5.49  8.7   0     .01   .07   .75   1.68  1.61  1.03  .28   .06   0     
14        2.39  8.47  0     0     .09   .48   .64   .69   .41   .04   .04   0     

hcpE  \ ♠W sum   avg   2     3     4     5     6     7     8     9     10    11    12    13    
sum             8.73  0     0     .11   .91   4.5   12.9  21.7  30.2  22    6.54  .99   .07   
avg       9.2         0     0     6.82  5.25  6.47  7.47  8.29  9.45  10.6  11.6  12.4  12.9  
0         .02   6     0     0     0     .01   0     .01   0     0     0     0     0     0     
1         .15   6.4   0     0     0     .04   .06   .01   .03   .01   0     0     0     0     
2         .42   6.4   0     0     .01   .07   .12   .18   .04   0     0     0     0     0     
3         1.16  6.75  0     0     0     .13   .33   .43   .24   .03   0     0     0     0     
4         2.26  7.09  0     0     .01   .12   .49   .8    .72   .11   .01   0     0     0     
5         4     7.41  0     0     .02   .17   .61   1.27  1.36  .46   .09   .02   0     0     
6         6.12  7.7   0     0     0     .1    .67   1.77  2.28  1.05  .22   .03   0     0     
7         9.41  8.08  0     0     .01   .09   .64   1.92  3.22  2.91  .55   .07   0     0     
8         12.4  8.39  0     0     .03   .07   .64   1.97  3.46  4.4   1.65  .23   0     0     
9         15.5  8.67  0     0     .02   .05   .44   1.87  3.63  6.01  2.99  .45   0     0     
10        17.3  8.96  0     0     .01   .03   .3    1.4   3.34  6.68  4.6   .91   .06   0     
11        13.5  9.26  0     0     0     .02   .17   .76   1.95  4.37  5     1.04  .16   0     
12        9.87  9.64  0     0     0     .01   .02   .32   .96   2.78  3.85  1.64  .27   .02   
13        5.49  9.92  0     0     0     0     .01   .12   .4    1.16  2.25  1.23  .28   .04   
14        2.39  10.3  0     0     0     0     0     .04   .1    .27   .83   .92   .22   .01   

