Generated 25437 deals
♥N   \ ♠W sum   avg   2     3     4     5     6     7     8     9     10    11    12    13    
sum             8.65  0     0     .1    .9    4.8   14.2  22.7  30.5  20    5.7   1.1   0     
avg       9.81        0     0     12    10.9  10.8  10.4  10.1  9.74  9.41  8.6   7.45  0     
4         0     0     0     0     0     0     0     0     0     0     0     0     0     0     
5         0     0     0     0     0     0     0     0     0     0     0     0     0     0     
6         .7    11    0     0     0     0     0     0     0     .1    .1    .2    .3    0     
7         3.3   10    0     0     0     0     0     .1    .2    .7    1     1.2   .1    0     
8         11.2  9.48  0     0     0     0     0     .3    1.7   4.3   2.7   1.6   .6    0     
9         23.4  8.91  0     0     0     0     .3    2.2   5.9   7.1   6.7   1.1   .1    0     
10        30.3  8.53  0     0     0     .2    1.7   5     6.4   9.9   6.1   1     0     0     
11        23.2  8.21  0     0     0     .6    1.8   4.2   6.3   6.7   3.1   .5    0     0     
12        6.9   7.74  0     0     .1    .1    .7    2.2   1.8   1.6   .3    .1    0     0     
13        1     7.3   0     0     0     0     .3    .2    .4    .1    0     0     0     0     

hcpE  \ ♥N sum   avg   4     5     6     7     8     9     10    11    12    13    
sum             9.81  0     0     .7    3.3   11.2  23.4  30.3  23.2  6.9   1     
avg       9.19        0     0     12.1  11.9  11.2  10.2  8.9   7.84  6.87  7     
0         0     0     0     0     0     0     0     0     0     0     0     0     
1         .1    12    0     0     0     0     0     0     0     0     .1    0     
2         .3    12    0     0     0     0     0     0     0     0     .3    0     
3         .7    11.6  0     0     0     0     0     0     0     .3    .4    0     
4         2.4   11.2  0     0     0     0     0     0     .4    1.3   .5    .2    
5         4.5   10.8  0     0     0     0     0     .2    1.3   2.2   .8    0     
6         7.3   10.8  0     0     0     0     0     .3    2.6   3.3   .8    .3    
7         9.1   10.5  0     0     0     0     .1    1.3   3.3   3.1   1.2   .1    
8         12.6  10.2  0     0     0     0     .4    2.5   4.5   4.2   .8    .2    
9         14.4  9.9   0     0     0     .1    1.2   3.4   5.9   3     .7    .1    
10        16.5  9.64  0     0     0     .5    2     4.9   5.6   2.5   1     0     
11        14.7  9.22  0     0     .3    .8    2.7   4.8   3.8   2.2   .1    0     
12        9.2   8.97  0     0     .1    .8    2.2   3.5   1.7   .7    .1    .1    
13        5.7   8.84  0     0     .2    .4    1.7   1.8   1.1   .4    .1    0     
14        2.5   8     0     0     .1    .7    .9    .7    .1    0     0     0     

hcpE  \ ♠W sum   avg   2     3     4     5     6     7     8     9     10    11    12    13    
sum             8.65  0     0     .1    .9    4.8   14.2  22.7  30.5  20    5.7   1.1   0     
avg       9.19        0     0     5     5.22  6.23  7.74  8.46  9.47  10.6  11.8  12.3  0     
0         0     0     0     0     0     0     0     0     0     0     0     0     0     0     
1         .1    7     0     0     0     0     0     .1    0     0     0     0     0     0     
2         .3    6     0     0     0     .1    .1    .1    0     0     0     0     0     0     
3         .7    6.43  0     0     0     .1    .2    .4    0     0     0     0     0     0     
4         2.4   6.96  0     0     0     .1    .8    .8    .5    .2    0     0     0     0     
5         4.5   7.47  0     0     .1    .1    .8    1     1.7   .7    .1    0     0     0     
6         7.3   7.77  0     0     0     .3    .7    2.1   2     1.7   .5    0     0     0     
7         9.1   7.9   0     0     0     .1    .7    2.3   3.4   2.1   .5    0     0     0     
8         12.6  8.26  0     0     0     .1    1.1   1.7   3.8   4.4   1.4   .1    0     0     
9         14.4  8.65  0     0     0     0     .1    2     3.6   6.2   2.1   .4    0     0     
10        16.5  8.8   0     0     0     0     .2    1.8   4.1   5.9   4     .5    0     0     
11        14.7  9.35  0     0     0     0     .1    1.3   1.8   4.2   5.1   1.8   .4    0     
12        9.2   9.45  0     0     0     0     0     .2    1.3   3.3   3.2   1     .2    0     
13        5.7   9.61  0     0     0     0     0     .4    .5    1.4   2.3   .8    .3    0     
14        2.5   10.4  0     0     0     0     0     0     0     .4    .8    1.1   .2    0     

