100000 39
200000 71
300000 111
400000 150
500000 180
600000 219
700000 265
800000 309
900000 346
1000000 401
1100000 437
1200000 470
1300000 504
1400000 533
1500000 575
1600000 608
1700000 646
1800000 684
1900000 719
2000000 763
2100000 796
2200000 837
2300000 881
2400000 920
2500000 948
2600000 986
2700000 1014
2800000 1048
2900000 1077
3000000 1107
3100000 1143
3200000 1175
3300000 1222
3400000 1247
3500000 1282
3600000 1337
3700000 1375
3800000 1411
3900000 1455
4000000 1490
4100000 1528
4200000 1563
4300000 1615
4400000 1655
4500000 1698
4600000 1727
4700000 1762
4800000 1788
4900000 1844
5000000 1889
5100000 1936
5200000 1984
5300000 2027
5400000 2068
5500000 2113
5600000 2152
5700000 2192
5800000 2241
5900000 2277
6000000 2318
6100000 2359
6200000 2408
6300000 2436
6400000 2477
6500000 2513
6600000 2546
6700000 2583
6800000 2620
6900000 2660
7000000 2696
7100000 2730
7200000 2774
7300000 2819
7400000 2853
7500000 2900
7600000 2924
7700000 2960
7800000 3006
7900000 3048
8000000 3075
8100000 3118
8200000 3160
8300000 3202
8400000 3241
8500000 3288
8600000 3341
8700000 3374
8800000 3413
8900000 3444
9000000 3489
9100000 3538
9200000 3579
9300000 3620
9400000 3655
9500000 3696
9600000 3738
9700000 3772
9800000 3826
9900000 3859
10000000 3898
10100000 3941
10200000 3969
10300000 4001
10400000 4030
10500000 4075
10600000 4120
10700000 4156
10800000 4196
10900000 4234
11000000 4282
11100000 4323
11200000 4345
11300000 4382
11400000 4414
11500000 4458
11600000 4488
11700000 4531
11800000 4562
11900000 4599
12000000 4638
12100000 4683
12200000 4719
12300000 4746
12400000 4785
12500000 4829
12600000 4860
12700000 4895
12800000 4937
12900000 4975
13000000 5014
13100000 5059
13200000 5097
13300000 5145
13400000 5178
13500000 5211
13600000 5245
13700000 5271
13800000 5315
13900000 5339
14000000 5375
14100000 5409
14200000 5442
14300000 5483
14400000 5518
14500000 5564
14600000 5598
14700000 5635
14800000 5671
14900000 5709
15000000 5747
15100000 5782
15200000 5828
15300000 5866
15400000 5905
15500000 5946
15600000 5988
15700000 6032
15800000 6071
15900000 6111
16000000 6147
16100000 6186
16200000 6239
16300000 6269
16400000 6304
16500000 6363
16600000 6394
16700000 6436
16800000 6465
16900000 6503
17000000 6542
17100000 6582
17200000 6615
17300000 6658
17400000 6697
17500000 6731
17600000 6770
17700000 6818
17800000 6857
17900000 6900
18000000 6948
18100000 6984
18200000 7024
18300000 7073
18400000 7120
18500000 7160
18600000 7204
18700000 7239
18800000 7275
18900000 7312
19000000 7338
19100000 7374
19200000 7412
19300000 7446
19400000 7491
19500000 7544
19600000 7588
19700000 7623
19800000 7659
19900000 7698
20000000 7740
20100000 7776
20200000 7823
20300000 7871
20400000 7910
20500000 7941
20600000 7971
20700000 7999
20800000 8031
20900000 8067
21000000 8114
21100000 8152
21200000 8196
21300000 8234
21400000 8268
21500000 8294
21600000 8329
21700000 8358
21800000 8404
21900000 8435
22000000 8476
22100000 8508
22200000 8545
22300000 8577
22400000 8621
22500000 8673
22600000 8716
22700000 8752
22800000 8790
22900000 8836
23000000 8877
23100000 8911
23200000 8947
23300000 8983
23400000 9033
23500000 9083
23600000 9124
23700000 9162
23800000 9206
23900000 9236
24000000 9275
24100000 9324
24200000 9364
24300000 9398
24400000 9437
24500000 9482
24600000 9517
24700000 9561
24800000 9601
24900000 9650
25000000 9693
25100000 9732
25200000 9763
25300000 9798
25400000 9836
25500000 9868
25600000 9915
25700000 9953
25800000 9995
Generated 25818033 deals
hearts   \ spades              sum    2      3      4      5      6      7      8      9      10     11     avg    
sum                                   .04    1.12   8.37   34.7   39.4   14.6   1.77   .09    0      0      5.63   
4                              0      0      0      0      0      0      0      0      0      0      0      0      
5                              0      0      0      0      0      0      0      0      0      0      0      0      
6                              .01    0      0      0      0      0      .01    0      0      0      0      7      
7                              .51    0      0      0      0      .04    .25    .17    .05    0      0      7.45   
8                              12.7   0      0      .01    1.01   5.16   5.44   1.01   .03    0      0      6.52   
9                              52.6   0      .16    2.2    15.4   26.1   8.13   .57    .01    0      0      5.79   
10                             31.6   .01    .83    5.11   17     7.9    .74    .02    0      0      0      5.08   
11                             2.55   .03    .13    1.04   1.21   .14    0      0      0      0      0      4.51   
12                             .04    0      0      .01    .02    .01    0      0      0      0      0      5      
avg                            9.23   10.8   9.97   9.86   9.53   9.08   8.64   8.25   7.56   0      0             

hcp  \ hearts                  sum    4      5      6      7      8      9      10     11     12     avg    
sum                                   0      0      .01    .51    12.7   52.6   31.6   2.55   .04    9.23   
13                             51.3   0      0      .01    .42    10.4   31.2   9.02   .27    0      8.97   
14                             31.6   0      0      0      .08    1.98   16.5   12.2   .73    0      9.37   
15                             17.1   0      0      0      .01    .27    4.9    10.3   1.55   .04    9.78   
avg                            13.7   0      0      13     13.2   13.2   13.5   14     14.5   15            

hcp  \ spades                  sum    2      3      4      5      6      7      8      9      10     11     avg    
sum                                   .04    1.12   8.37   34.7   39.4   14.6   1.77   .09    0      0      5.63   
13                             51.3   0      .06    1.72   13.9   23.4   10.7   1.45   .07    0      0      5.93   
14                             31.6   0      .36    2.87   13     11.9   3.11   .29    .02    0      0      5.49   
15                             17.1   .04    .7     3.78   7.84   4      .73    .03    0      0      0      5.01   
avg                            13.7   15     14.6   14.2   13.8   13.5   13.3   13.2   13.2   0      0             

