Generated 6306844 deals
we   \ they                    cnt    2      3      4      5      6      7      8      9      10     11     avg    
cnt                            0      .01    .18    3.11   17.4   39.4   32.1   7.4    .46    .01    0      6.24   
4                              0      0      0      0      0      0      0      0      0      0      0      0      
5                              0      0      0      0      0      0      0      0      0      0      0      0      
6                              .17    0      0      0      0      .02    .09    .05    .01    0      0      7.29   
7                              8.34   0      0      0      .03    1.25   4.39   2.47   .2     0      0      7.19   
8                              38.4   0      0      .03    1.37   13.9   18.7   4.15   .21    .01    0      6.68   
9                              40.4   0      .02    .9     9.68   20.5   8.55   .71    .04    0      0      5.96   
10                             12     0      .14    1.72   6.04   3.66   .4     .02    0      0      0      5.21   
11                             .8     .01    .02    .46    .25    .06    0      0      0      0      0      4.41   
12                             0      0      0      0      0      0      0      0      0      0      0      0      
avg                            8.58   11     10     9.84   9.29   8.68   8.15   7.75   7.61   8      0             
